30, -25.27, -15.50, 1036.25, -19485.47, -30624.39, -64140.32, 2.97, -48.73, 178.40
60, -43.33, 133.97, 1069.09, -12237.55, -5065.92, -49942.02, 2.92, -48.75, 178.39
90, -66.04, 81.18, 1083.25, -25489.81, -4249.57, -45120.24, 2.92, -48.75, 178.39
120, -155.46, 19.29, 1157.41, -30860.90, -5599.98, -43693.54, 2.92, -48.75, 178.39
150, -179.57, 29.85, 1148.07, -35293.58, -13305.66, -46646.12, 2.92, -48.75, 178.39
180, -191.35, -40.34, 1172.42, -38803.10, -24055.48, -50148.01, 2.89, -48.76, 178.40
210, -4.46, -190.98, 1165.71, -33676.15, -32875.06, -51063.54, -146.91, 49.95, 66.02
240, 104.55, -273.38, 1129.52, -2464.29, -39375.30, -52429.20, -146.91, 49.95, 66.02
270, 8.97, -240.23, 1094.12, 19149.78, -38406.37, -51452.64, -146.91, 49.95, 66.02
300, 123.96, 182.68, 1002.38, 29914.86, -43579.10, -48919.68, -146.91, 49.95, 66.02
330, 105.04, 359.50, 918.95, 2929.69, -39871.21, -49484.25, -146.95, 49.93, 65.99
360, 151.49, 113.34, 948.24, -25627.14, -29579.16, -43876.65, 142.78, 4.84, -165.43
390, 138.12, 61.71, 947.39, -41145.32, -26840.21, -45944.21, 142.78, 4.84, -165.43
420, 206.73, -36.25, 927.31, -52711.49, -20790.10, -49705.50, 142.78, 4.84, -165.43
450, 143.37, -94.79, 972.17, -56838.99, -11756.90, -52062.99, 142.78, 4.84, -165.43
480, 12.27, -152.28, 958.86, -57533.27, -7476.81, -55480.96, 142.78, 4.84, -165.43
510, -64.21, -150.15, 916.20, -52497.86, -13809.20, -61042.79, 142.81, 4.83, -165.39
540, 6.29, -58.41, 900.21, -49552.92, -21301.27, -65933.23, 12.74, 64.50, -171.58
570, -4.15, -34.55, 930.66, -52116.39, -21728.52, -63621.52, 12.74, 64.50, -171.58
600, -140.93, -129.94, 917.18, -50605.77, -24772.64, -58052.06, 12.74, 64.50, -171.58
630, -82.64, -90.09, 940.55, -40550.23, -34606.93, -62576.29, 12.74, 64.50, -171.58
660, 3.54, -26.00, 1023.25, -40695.19, -36094.66, -58197.02, 12.77, 64.55, -171.52
690, -66.04, -114.38, 1031.56, -45753.48, -31005.86, -47286.99, -107.32, 10.55, 165.83
720, 22.71, -78.43, 1112.79, -37803.65, -36247.25, -51712.04, -107.32, 10.55, 165.83
750, 243.59, 34.55, 1305.48, -40557.86, -26512.15, -49476.63, -107.32, 10.55, 165.83
780, 88.56, -78.80, 1352.78, -56175.23, -6858.83, -37368.77, -107.32, 10.55, 165.83
810, -49.50, -177.73, 1389.28, -51933.29, -8384.71, -41641.23, -107.32, 10.55, 165.83
840, -89.60, -197.20, 1384.40, -41099.55, -15754.70, -44654.85, -107.32, 10.56, 165.83
870, -63.66, -141.78, 1363.77, -38787.84, -20492.55, -41328.43, 111.69, -49.38, 111.21
900, -169.01, -180.73, 1283.33, -34416.20, -24795.53, -46043.39, 111.69, -49.38, 111.21
930, -241.15, -158.26, 1197.08, -26275.63, -37811.28, -51490.79, 111.69, -49.38, 111.21
960, -52.19, -50.05, 1210.94, -26649.47, -46134.95, -48889.16, 111.69, -49.38, 111.21
990, -10.19, -101.87, 1231.38, -33935.55, -38398.74, -39123.54, 111.76, -49.37, 111.10
1020, -207.58, -240.78, 1155.21, -30570.98, -39375.30, -33226.01, -96.06, -26.59, -150.84
1050, -196.66, -216.13, 1114.87, -26290.89, -49980.16, -34286.50, -96.06, -26.59, -150.84
1080, -29.24, -196.78, 1124.88, -29678.34, -54046.63, -35179.14, -96.06, -26.59, -150.84
1110, 114.01, -244.20, 1155.09, -27557.37, -43457.03, -45150.76, -96.06, -26.59, -150.84
1140, 33.75, -206.60, 1105.83, -20195.01, -32836.91, -53459.17, -96.08, -26.59, -150.82
1170, -44.56, -126.46, 1070.07, -14373.78, -28350.83, -52925.11, 165.94, -27.36, 51.77
1200, 0.61, -102.29, 1113.95, -15350.34, -29937.74, -48278.81, 165.94, -27.36, 51.77
1230, -28.69, -114.87, 1069.21, -18470.76, -31883.24, -44792.18, 165.94, -27.36, 51.77
1260, 36.25, -125.85, 1011.41, -31890.87, -39703.37, -41679.38, 165.94, -27.36, 51.77
1290, 53.89, -208.56, 1004.76, -40908.81, -44342.04, -48522.95, 165.95, -27.33, 51.73
1320, 161.07, -256.16, 1026.18, -42007.45, -42457.58, -53512.57, -65.16, -20.40, -167.02
1350, 230.22, -262.08, 1082.28, -38215.64, -36521.91, -54977.42, -65.16, -20.40, -167.02
1380, 221.37, -270.08, 1102.91, -35881.04, -25894.16, -50308.23, -65.16, -20.40, -167.02
1410, 146.30, -290.22, 1079.35, -32958.98, -16410.83, -47050.48, -65.16, -20.40, -167.02
1440, 115.54, -272.95, 1107.85, -30426.03, -14419.56, -48530.58, -65.18, -20.39, -167.01
1470, 74.65, -246.28, 1052.98, -30937.20, -15518.19, -52078.25, 179.11, -19.00, 1.77
1500, 68.66, -271.73, 1049.01, -33523.56, -16250.61, -51429.75, 179.11, -19.00, 1.77
1530, 99.37, -290.77, 1058.96, -32135.01, -16517.64, -53489.68, 179.11, -19.00, 1.77
1560, 36.99, -280.21, 1034.73, -26649.47, -16693.12, -58189.39, 179.11, -19.00, 1.77
1590, 16.17, -227.48, 1049.80, -21514.89, -20202.64, -58647.16, 179.11, -19.00, 1.77
1620, 100.65, -174.87, 1074.40, -20545.96, -22544.86, -53253.17, 179.08, -18.98, 1.78
1650, 167.91, -189.76, 1072.75, -23910.52, -19340.52, -46806.34, 178.10, 1.82, -71.92
1680, 142.27, -235.47, 1099.79, -24238.59, -17135.62, -46813.96, 178.10, 1.82, -71.92
1710, 109.01, -258.54, 1105.41, -21240.23, -16387.94, -49980.16, 178.10, 1.82, -71.92
1740, 96.98, -217.77, 1121.83, -17211.91, -17089.84, -55320.74, 178.10, 1.82, -71.92
1770, 124.45, -173.95, 1163.82, -14801.03, -18722.54, -59280.39, 178.10, 1.82, -71.92
1800, 145.02, -149.35, 1188.66, -12741.09, -20050.05, -60722.35, 178.08, 1.80, -71.90
1830, 35.16, -131.41, 1157.65, -9284.97, -22453.31, -56762.70, 134.69, 48.93, -84.26
1860, -63.60, -139.59, 1087.89, -8537.29, -25169.37, -52017.21, 134.69, 48.93, -84.26
1890, -79.28, -120.97, 1044.68, -8285.52, -30647.28, -50376.89, 134.69, 48.93, -84.26
1920, 2.32, -92.77, 1033.14, -8934.02, -38269.04, -53268.43, 134.69, 48.93, -84.26
1950, 118.29, -68.60, 1041.75, -11146.54, -40512.09, -55824.28, 134.71, 48.90, -84.21
1980, 121.70, -73.24, 1039.61, -18737.79, -29861.45, -50125.12, -88.30, 62.61, 119.39
2010, 21.00, -145.45, 1082.40, -23567.20, -23620.61, -45166.02, -88.30, 62.61, 119.39
2040, -6.90, -165.95, 1110.05, -22224.43, -23757.93, -44410.71, -88.30, 62.61, 119.39
2070, -27.04, -159.85, 1124.51, -19905.09, -27282.71, -43174.74, -88.30, 62.61, 119.39
2100, -47.73, -161.07, 1105.83, -18989.56, -32241.82, -41557.31, -88.30, 62.61, 119.39
2130, -21.12, -169.25, 1088.13, -19012.45, -39711.00, -39924.62, -88.38, 62.64, 119.32
2160, 96.80, -193.18, 1024.23, -20050.05, -45326.23, -38970.95, -173.17, 0.59, 170.77
2190, 180.24, -191.65, 1005.68, -20233.15, -42922.97, -40100.10, -173.17, 0.59, 170.77
2220, 234.13, -175.90, 1002.14, -20469.67, -35453.80, -41961.67, -173.17, 0.59, 170.77
2250, 209.78, -169.19, 993.41, -22300.72, -26062.01, -44235.23, -173.17, 0.59, 170.77
2280, 152.28, -187.74, 1013.37, -24749.76, -20393.37, -46287.54, -173.14, 0.58, 170.78
2310, 72.33, -221.80, 1017.40, -24124.14, -13557.43, -47714.23, 153.89, 36.38, -69.20
2340, 10.31, -187.87, 1076.54, -19622.80, -12458.80, -49758.91, 153.89, 36.38, -69.20
2370, -0.79, -165.28, 1090.94, -17974.85, -14648.44, -52009.58, 153.89, 36.38, -69.20
2400, -11.60, -163.02, 1092.35, -17257.69, -16998.29, -52902.22, 153.89, 36.38, -69.20
2430, -49.93, -166.99, 1057.19, -15899.66, -18875.12, -54534.91, 153.89, 36.38, -69.20
2460, -23.38, -117.37, 1080.87, -14564.51, -23368.84, -57746.89, 153.88, 36.35, -69.17
2490, 42.24, -48.46, 1083.13, -18341.06, -24902.34, -58624.27, -90.86, 76.66, 103.06
2520, 62.01, -84.41, 1090.76, -23490.91, -22254.94, -52612.30, -90.86, 76.66, 103.06
2550, 85.14, -110.72, 1116.58, -24452.21, -20385.74, -48156.74, -90.86, 76.66, 103.06
2580, 118.47, -112.98, 1142.03, -25985.72, -18196.11, -46371.46, -90.86, 76.66, 103.06
2610, 113.59, -145.51, 1154.72, -27107.24, -14640.81, -46539.30, -91.05, 76.68, 102.89
2640, 11.17, -178.10, 1121.64, -26451.11, -11398.32, -49179.08, -146.80, 7.42, 155.88
2670, -47.06, -166.63, 1115.84, -26916.50, -10772.71, -52078.25, -146.80, 7.42, 155.88
2700, -191.16, -204.71, 1092.22, -27763.37, -16281.13, -52795.41, -146.80, 7.42, 155.88
2730, -187.19, -227.05, 1130.62, -26000.98, -25314.33, -50193.79, -146.80, 7.42, 155.88
2760, -91.00, -232.24, 1121.77, -22476.20, -32882.69, -48385.62, -146.78, 7.42, 155.88
2790, 62.44, -179.32, 1136.35, -17639.16, -33477.78, -48950.20, -159.73, -41.51, -51.77
2820, 78.74, -147.89, 1127.93, -17936.71, -30715.94, -50346.38, -159.73, -41.51, -51.77
2850, 28.69, -141.54, 1117.19, -20095.82, -33348.08, -53070.07, -159.73, -41.51, -51.77
2880, 89.72, -114.32, 1069.95, -26168.82, -39535.52, -58685.30, -159.73, -41.51, -51.77
2910, 179.99, -145.26, 1088.87, -29457.09, -38604.73, -54634.09, -159.79, -41.50, -51.74
2940, 187.01, -160.10, 1085.69, -29502.87, -31806.95, -51841.73, -161.36, -9.64, -127.03
2970, 91.49, -180.48, 1067.02, -26893.62, -20530.70, -53016.66, -161.36, -9.64, -127.03
3000, -1.04, -160.89, 1081.54, -26008.61, -14205.93, -54321.29, -161.36, -9.65, -127.00
3030, -95.89, -169.07, 1107.79, -29197.69, -16647.34, -54687.50, 16.19, -5.66, 179.16
3060, -70.43, -184.88, 1129.39, -30326.84, -25001.53, -54977.42, 16.19, -5.66, 179.16
3090, -13.85, -167.54, 1113.40, -30052.19, -28701.78, -56198.12, 16.19, -5.66, 179.16
3120, -12.70, -171.88, 1096.80, -28358.46, -34271.24, -59593.20, 16.19, -5.66, 179.16
3150, 73.85, -137.88, 1080.93, -26527.40, -35163.88, -59806.82, 16.17, -5.64, 179.18
3180, 102.72, -121.28, 1073.12, -26397.71, -30159.00, -56594.85, -112.28, -46.70, -115.06
3210, 71.59, -125.85, 1048.22, -26390.08, -26115.42, -53245.54, -112.28, -46.70, -115.06
3240, 206.73, -102.42, 1110.23, -26527.40, -26344.30, -50651.55, -112.28, -46.70, -115.06
3270, 174.44, -113.34, 1094.85, -29113.77, -11848.45, -48736.57, -112.33, -46.71, -115.04
3300, -56.34, -177.98, 1103.33, -28427.13, -4745.48, -46508.79, -146.53, 14.96, 133.60
3330, -179.75, -209.72, 1092.77, -28190.61, -11947.63, -41999.82, -146.53, 14.96, 133.60
3360, -126.22, -247.38, 1099.67, -28488.16, -26641.85, -38902.28, -146.53, 14.96, 133.60
3390, 16.05, -276.25, 1082.09, -27191.16, -34980.77, -37979.13, -146.51, 14.97, 133.57
3420, 160.64, -263.79, 1100.28, -24261.47, -36499.02, -40031.43, -44.07, -59.49, -154.31
3450, 187.68, -236.63, 1058.78, -23757.93, -28335.57, -45043.95, -44.07, -59.49, -154.31
3480, 126.22, -265.63, 1065.19, -25192.26, -22361.76, -47531.13, -44.07, -59.49, -154.31
3510, 99.55, -258.12, 1086.00, -23048.40, -21850.59, -54237.37, -44.14, -59.50, -154.28
3540, 68.60, -211.24, 1053.22, -22254.94, -18135.07, -59928.89, -126.69, 31.31, 122.27
3570, 17.09, -213.99, 1078.43, -21926.88, -20164.49, -58586.12, -126.69, 31.31, 122.27
3600, 28.14, -172.49, 1081.48, -21438.60, -22331.24, -59951.78, -126.69, 31.31, 122.27
3630, 45.65, -142.76, 1077.39, -22918.70, -20713.81, -61103.82, -126.70, 31.33, 122.24
3660, -63.23, -196.35, 1056.09, -22491.46, -20904.54, -54199.22, 69.08, -33.28, 156.51
3690, 183.17, -134.89, 1150.02, -21415.71, -26824.95, -49339.29, 69.08, -33.28, 156.51
3720, 200.07, -175.78, 1139.77, -25367.74, -18463.13, -46409.61, 69.08, -33.28, 156.51
3750, 98.69, -198.43, 1138.49, -22392.27, -15258.79, -48324.59, 69.08, -33.28, 156.51
3780, -32.84, -215.09, 1084.41, -24467.47, -15220.64, -50392.15, 69.09, -33.30, 156.50
3810, -115.91, -243.59, 1046.63, -22613.53, -24162.29, -57991.03, -140.32, 0.86, 177.69
3840, 50.42, -222.05, 1070.19, -22293.09, -32165.53, -57006.84, -140.32, 0.86, 177.69
3870, 119.26, -236.33, 1057.74, -18951.42, -29281.62, -55641.18, -140.32, 0.86, 177.69
3900, 114.99, -185.73, 1035.89, -14823.91, -21209.72, -56724.55, -140.30, 0.85, 177.70
3930, 91.92, -163.76, 1092.22, -16105.65, -17402.65, -55450.44, 153.74, 37.54, -67.71
3960, 26.98, -151.73, 1069.46, -17982.48, -15045.17, -58120.73, 153.74, 37.54, -67.71
3990, 0.61, -150.70, 1114.01, -18829.35, -17662.05, -57884.21, 153.74, 37.54, -67.71
4020, -23.68, -154.97, 1086.91, -16418.46, -17890.93, -57128.91, 153.74, 37.51, -67.68
4050, 20.63, -116.09, 1088.81, -17585.75, -20622.25, -56800.84, -99.96, 76.85, 93.84
4080, 44.31, -108.22, 1073.30, -20278.93, -20240.78, -57724.00, -99.96, 76.85, 93.84
4110, 56.64, -103.70, 1063.17, -23979.19, -17074.59, -59234.62, -99.96, 76.85, 93.84
4140, 35.10, -120.54, 1076.48, -28121.95, -13145.45, -60073.85, -100.16, 76.86, 93.66
4170, -93.81, -169.07, 1084.11, -26527.40, -15228.27, -62759.40, -146.90, 8.32, 152.96
4200, -70.25, -121.09, 1093.51, -23681.64, -26870.73, -60653.69, -146.90, 8.32, 152.96
4230, 140.56, -114.32, 1148.68, -27336.12, -24978.64, -53474.43, -146.90, 8.32, 152.96
4260, 14.28, -152.22, 1134.58, -24200.44, -21385.19, -57601.93, -146.87, 8.33, 152.94
4290, 26.79, -135.80, 1176.33, -23773.19, -26596.07, -58647.16, -150.04, -54.34, -56.01
4320, 36.62, -139.16, 1134.03, -23597.72, -25703.43, -61759.95, -150.04, -54.34, -56.01
4350, 44.56, -126.10, 1162.72, -20713.81, -23857.12, -62568.66, -150.04, -54.34, -56.01
4380, -11.23, -119.45, 1123.23, -16983.03, -19126.89, -57716.37, -150.04, -54.34, -56.01
4410, -84.05, -93.57, 1083.44, -15800.48, -19721.98, -52719.12, -150.12, -54.33, -55.96
4440, -69.34, -77.33, 1058.35, -18676.76, -27137.76, -52078.25, -148.02, -7.88, -153.44
4470, 68.66, -72.57, 1058.78, -22224.43, -30570.98, -55381.77, -148.02, -7.88, -153.44
4500, 99.98, -111.63, 1052.86, -24681.09, -24291.99, -50964.36, -148.02, -7.88, -153.44
4530, 186.22, -169.31, 1155.94, -21919.25, -15518.19, -50346.38, -148.02, -7.90, -153.42
4560, 130.80, -335.88, 1125.49, -8941.65, -679.02, -37910.46, 41.18, 26.62, -169.69
4590, 33.57, -295.72, 1096.25, 19882.20, 1525.88, -31600.95, 41.18, 26.62, -169.69
4620, 48.46, -145.39, 1053.59, 31349.18, -2578.74, -24993.90, 41.18, 26.62, -169.69
4650, 24.96, 21.00, 1036.19, 28091.43, -3952.03, -23979.19, 41.18, 26.65, -169.65
4680, -35.16, 177.55, 984.68, 7972.72, -10185.24, -45265.20, -79.15, -3.32, -177.29
4710, -57.68, 190.19, 995.54, -27557.37, -15991.21, -59936.52, -79.15, -3.32, -177.29
4740, -55.18, -8.73, 1106.57, -49446.11, -22560.12, -63972.47, -79.15, -3.32, -177.29
4770, -67.99, -44.19, 1089.29, -53131.10, -23841.86, -63026.43, -79.16, -3.31, -177.29
4800, -72.94, -48.40, 1119.38, -54168.70, -28060.91, -61027.53, 169.98, 7.18, -105.40
4830, 29.30, -44.25, 1118.29, -54214.48, -27244.57, -60569.76, 169.98, 7.18, -105.40
4860, -23.56, -102.60, 1146.30, -55419.92, -19401.55, -61553.95, 169.98, 7.18, -105.40
4890, -60.36, -140.32, 1176.45, -52986.14, -16868.59, -59547.43, 169.98, 7.17, -105.37
4920, -47.55, -106.69, 1191.04, -51025.39, -18196.11, -59837.34, 13.44, 48.23, -173.71
4950, -103.45, -95.34, 1165.65, -58738.71, -17288.21, -60913.09, 13.44, 48.23, -173.71
4980, -175.60, -218.02, 1175.84, -66253.66, -25451.66, -60150.15, 13.44, 48.23, -173.71
5010, -110.84, -266.85, 1150.94, -63743.59, -35850.52, -63514.71, 13.46, 48.27, -173.65
5040, -22.77, -273.13, 1138.49, -57350.16, -38856.51, -65895.08, -95.32, 10.81, 168.26
5070, 40.22, -324.83, 1159.73, -48995.97, -37635.80, -58929.45, -95.32, 10.81, 168.26
5100, 134.09, -309.57, 1155.03, -35064.70, -31280.52, -55549.62, -95.32, 10.81, 168.26
5130, 161.93, -239.14, 1181.46, -23292.54, -20347.60, -55488.59, -95.32, 10.81, 168.26
5160, 83.07, -184.94, 1197.57, -17173.77, -13450.62, -56747.44, 140.19, -10.04, 152.37
5190, -26.43, -164.73, 1166.93, -13717.65, -10986.33, -58685.30, 140.19, -10.04, 152.37
5220, -111.51, -134.89, 1176.64, -13305.66, -12695.31, -53443.91, 140.19, -10.04, 152.37
5250, -110.41, -113.16, 1149.90, -12969.97, -17379.76, -49552.92, 140.19, -10.04, 152.37
5280, -97.11, -102.66, 1146.42, -16433.71, -20996.09, -51971.44, 140.23, -10.05, 152.36
5310, -94.73, -127.87, 1154.36, -18081.66, -24391.17, -50025.94, -172.80, -13.12, -61.14
5340, 42.48, -76.17, 1170.59, -16258.24, -29594.42, -43991.09, -172.80, -13.12, -61.14
5370, -8.85, -115.23, 1084.47, -23330.69, -18562.32, -36056.52, -172.80, -13.12, -61.14
5400, -133.00, -211.24, 1159.79, -24131.78, -23574.83, -35285.95, -172.83, -13.13, -61.13
5430, -18.07, -213.81, 1116.58, -20469.67, -28289.79, -39566.04, 165.95, 11.14, -100.92
5460, -15.50, -224.24, 1136.60, -16922.00, -27404.79, -41381.84, 165.95, 11.14, -100.92
5490, 83.01, -179.63, 1175.78, -12634.28, -23124.70, -44700.62, 165.95, 11.14, -100.92
5520, 19.65, -120.18, 1172.73, -11970.52, -17021.18, -49026.49, 165.95, 11.13, -100.89
5550, -65.25, -109.13, 1176.94, -16006.47, -17402.65, -49140.93, 4.22, 48.83, -177.83
5580, -111.82, -140.38, 1178.41, -18768.31, -21781.92, -49896.24, 4.22, 48.83, -177.83
5610, -140.14, -164.67, 1135.19, -20668.03, -30250.55, -48248.29, 4.22, 48.83, -177.83
5640, -21.00, -164.25, 1108.76, -22117.62, -34942.63, -50003.05, 4.22, 48.88, -177.79
5670, 30.58, -166.75, 1067.81, -24696.35, -30250.55, -53153.99, -100.68, 5.41, 173.54
5700, 70.13, -151.25, 1109.07, -27389.53, -23925.78, -60791.02, -100.68, 5.41, 173.54
5730, 18.68, -140.32, 1140.44, -26710.51, -15487.67, -71975.71, -100.68, 5.41, 173.54
5760, -135.38, -100.16, 1174.01, -25863.65, -12504.58, -74813.84, -100.68, 5.42, 173.54
5790, -209.78, -102.42, 1167.18, -22041.32, -20629.88, -65628.05, 159.62, -7.80, 137.39
5820, -99.18, -65.49, 1146.48, -22468.57, -37139.89, -57052.61, 159.62, -7.80, 137.39
5850, 104.43, -40.65, 1117.37, -27229.31, -38429.26, -55969.24, 159.62, -7.80, 137.39
5880, 132.63, -79.53, 1128.11, -31547.55, -24841.31, -54351.80, 159.67, -7.80, 137.35
5910, 62.50, -108.83, 1180.91, -31463.62, -14877.32, -53894.04, -125.06, -43.86, -105.17
5940, -109.25, -136.54, 1141.42, -30403.14, -11375.43, -55847.17, -125.06, -43.86, -105.17
5970, -158.69, -136.84, 1157.53, -28800.96, -21545.41, -56579.59, -125.06, -43.86, -105.17
6000, -79.96, -136.23, 1131.47, -28457.64, -27427.67, -53230.29, -125.06, -43.86, -105.17
6030, -20.14, -130.25, 1138.18, -25932.31, -28671.27, -50422.67, -125.09, -43.86, -105.15
6060, 30.64, -107.91, 1112.85, -25192.26, -26809.69, -48698.43, -148.69, 6.27, 158.33
6090, 59.45, -114.01, 1147.09, -28114.32, -23849.49, -47348.02, -148.69, 6.27, 158.33
6120, 28.75, -138.98, 1167.91, -27565.00, -20118.71, -49385.07, -148.69, 6.27, 158.33
6150, -26.98, -147.52, 1155.88, -26451.11, -17776.49, -49720.77, -148.66, 6.27, 158.33
6180, -78.74, -145.57, 1152.04, -26000.98, -16922.00, -49011.23, -168.06, -36.41, -36.86
6210, -185.24, -144.04, 1132.02, -25611.88, -22056.58, -51712.04, -168.06, -36.41, -36.86
6240, -52.25, -113.95, 1129.27, -26023.87, -31433.11, -51742.55, -168.06, -36.41, -36.86
6270, 34.67, -112.43, 1142.70, -27160.64, -26489.26, -46607.97, -168.12, -36.40, -36.83
6300, -69.95, -122.25, 1156.01, -27687.07, -23078.92, -43365.48, -166.24, -7.95, -122.15
6330, -97.23, -115.17, 1176.39, -29067.99, -30715.94, -44891.36, -166.24, -7.95, -122.15
6360, -48.58, -107.91, 1184.08, -32882.69, -39108.28, -42335.51, -166.24, -7.95, -122.15
6390, 21.00, -144.96, 1183.35, -36186.22, -35690.31, -40237.43, -166.24, -7.95, -122.13
6420, -18.92, -184.51, 1164.55, -35873.41, -28854.37, -42640.69, 15.06, 4.20, -179.43
6450, -92.04, -230.47, 1108.89, -36636.35, -31150.82, -46569.82, 15.06, 4.20, -179.43
6480, -39.18, -253.97, 1113.89, -35163.88, -33912.66, -45906.07, 15.06, 4.20, -179.43
6510, 11.66, -282.41, 1107.18, -31906.13, -34263.61, -47164.92, 15.04, 4.22, -179.40
6540, 64.94, -290.41, 1111.82, -26405.33, -33096.31, -48072.82, -84.46, -36.44, -147.06
6570, 163.94, -253.17, 1161.01, -22842.41, -29556.27, -46806.34, -84.46, -36.44, -147.06
6600, 80.44, -257.63, 1122.56, -22338.87, -22766.11, -50857.54, -84.46, -36.44, -147.06
6630, 39.67, -280.03, 1132.57, -22438.05, -21621.70, -56259.16, -84.49, -36.43, -147.04
6660, 54.50, -260.56, 1110.53, -21202.09, -20629.88, -62805.18, -177.77, 4.40, 65.33
6690, 22.89, -205.20, 1123.78, -19241.33, -19104.00, -68756.10, -177.77, 4.40, 65.33
6720, -50.05, -184.39, 1123.60, -19706.73, -15609.74, -70297.24, -177.77, 4.40, 65.33
6750, -134.64, -170.96, 1113.83, -18989.56, -18875.12, -68359.38, -177.77, 4.41, 65.28
6780, -42.11, -111.45, 1129.33, -18013.00, -26313.78, -65620.42, 4.74, -17.98, 179.16
6810, 15.93, -80.32, 1102.60, -20500.18, -25085.45, -62683.11, 4.74, -17.98, 179.16
6840, 7.45, -86.61, 1133.12, -23513.79, -22956.85, -57678.22, 4.74, -17.98, 179.16
6870, 134.64, -81.05, 1236.08, -24131.78, -23536.68, -52970.89, 4.71, -17.97, 179.18
6900, 32.17, -128.36, 1153.26, -23605.35, -11100.77, -49186.71, -168.09, -30.97, -43.13
6930, -173.16, -160.46, 1191.89, -20797.73, -15541.08, -46379.09, -168.09, -30.97, -43.13
6960, -191.16, -150.39, 1122.44, -22842.41, -26092.53, -47531.13, -168.09, -30.97, -43.13
6990, -196.04, -190.43, 1063.48, -25260.93, -35804.75, -50453.19, -168.14, -30.96, -43.11
7020, 4.88, -163.94, 1071.53, -24414.06, -44357.30, -54412.84, -173.66, -4.44, -114.60
7050, 174.19, -145.14, 1065.49, -23811.34, -37666.32, -54260.25, -173.66, -4.44, -114.60
7080, 138.06, -159.42, 1082.28, -23147.58, -25825.50, -50445.55, -173.66, -4.44, -114.60
7110, 81.60, -174.38, 1082.34, -21011.35, -19989.01, -46989.44, -173.66, -4.44, -114.60
7140, 103.70, -139.95, 1132.02, -20080.57, -17578.13, -46638.49, -173.66, -4.45, -114.57
7170, 44.13, -142.76, 1128.30, -21980.29, -14328.00, -50376.89, 21.39, 20.76, -175.94
7200, -5.74, -148.07, 1128.05, -24108.89, -14183.04, -55015.56, 21.39, 20.76, -175.94
7230, -20.75, -164.00, 1159.06, -22872.93, -11909.48, -55435.18, 21.39, 20.76, -175.94
7260, -130.55, -140.01, 1154.79, -19287.11, -10269.17, -55702.21, 21.38, 20.79, -175.90
7290, -179.32, -125.67, 1158.39, -18821.72, -17265.32, -50903.32, -89.57, -12.17, -168.05
7320, -115.11, -105.59, 1163.94, -18501.28, -26046.75, -48049.93, -89.57, -12.17, -168.05
7350, 20.20, -84.47, 1155.40, -20408.63, -28930.66, -47821.05, -89.57, -12.17, -168.05
7380, 14.47, -91.86, 1129.52, -22155.76, -26084.90, -52673.34, -89.57, -12.17, -168.04
7410, -22.83, -106.75, 1116.09, -23880.00, -23445.13, -53039.55, -171.39, -60.86, -15.63
7440, -67.57, -123.47, 1098.69, -20240.78, -26161.19, -48469.54, -171.39, -60.86, -15.63
7470, 45.35, -96.86, 1123.78, -19317.63, -28053.28, -41877.75, -171.39, -60.86, -15.63
7500, 47.49, -111.02, 1142.46, -20133.97, -20179.75, -42129.52, -171.46, -60.81, -15.58
7530, -136.41, -138.24, 1100.95, -18753.05, -21347.05, -45303.34, -146.96, -11.86, -142.04
7560, 32.53, -80.08, 1100.10, -17951.96, -30899.05, -44685.36, -146.96, -11.86, -142.04
7590, 111.02, -75.32, 1123.72, -22453.31, -22148.13, -43357.85, -146.96, -11.86, -142.04
7620, 8.97, -122.25, 1148.01, -23460.39, -16517.64, -43907.16, -146.96, -11.87, -142.01
7650, -11.41, -123.84, 1160.58, -23765.56, -16403.20, -42732.24, 28.98, 8.87, -177.66
7680, -10.93, -127.50, 1193.73, -23986.82, -18188.48, -43960.57, 28.98, 8.87, -177.66
7710, -62.93, -149.29, 1168.52, -26054.38, -18798.83, -47233.58, 28.98, 8.87, -177.66
7740, -183.53, -181.15, 1104.98, -25794.98, -22888.18, -50323.48, 28.98, 8.87, -177.66
7770, -81.73, -161.87, 1100.10, -24703.98, -36476.14, -48583.98, 28.97, 8.90, -177.63
7800, 83.56, -136.47, 1060.36, -24574.28, -36926.27, -52261.35, -72.56, -23.41, -162.89
7830, 106.32, -135.93, 1079.71, -26069.64, -28465.27, -52429.20, -72.56, -23.41, -162.89
7860, 60.36, -147.46, 1105.83, -25787.35, -20713.81, -50697.33, -72.56, -23.41, -162.89
7890, 5.74, -125.67, 1122.74, -25047.30, -18531.80, -51803.59, -72.58, -23.41, -162.88
7920, -2.38, -108.34, 1134.95, -25955.20, -20881.65, -52375.79, 179.40, -0.15, 8.00
7950, 26.37, -129.46, 1153.69, -28015.14, -18218.99, -51040.65, 179.40, -0.15, 8.00
7980, -51.57, -153.93, 1148.13, -25360.11, -11726.38, -50163.27, 179.40, -0.15, 8.00
8010, -158.51, -173.71, 1134.77, -20057.68, -14083.86, -46272.28, 179.38, -0.13, 8.00
8040, -75.32, -129.15, 1131.35, -16563.42, -20210.27, -40565.49, 165.14, 27.57, -54.13
8070, 18.31, -108.95, 1148.93, -18981.93, -21209.72, -37277.22, 165.14, 27.57, -54.13
8100, 76.78, -130.80, 1183.84, -22872.93, -20210.27, -35385.13, 165.14, 27.57, -54.13
8130, 67.75, -166.81, 1211.18, -26199.34, -15724.18, -35705.57, 165.12, 27.54, -54.12
8160, -55.11, -229.19, 1197.33, -28472.90, -14076.23, -38330.08, 171.76, 75.51, -9.89
8190, -128.54, -288.45, 1182.98, -26840.21, -20133.97, -43525.70, 171.76, 75.51, -9.89
8220, -59.69, -248.78, 1147.22, -19790.65, -28594.97, -53543.09, 171.76, 75.51, -9.89
8250, -96.07, -225.46, 1115.78, -19386.29, -29273.99, -56068.42, 171.70, 75.47, -9.92
8280, -98.39, -198.24, 1065.43, -17524.72, -35560.61, -57624.82, -120.88, 26.19, 135.86
8310, 67.75, -133.79, 1092.90, -18783.57, -38780.21, -58135.98, -120.88, 26.19, 135.86
8340, 149.60, -96.86, 1084.59, -24658.20, -29846.19, -56503.30, -120.88, 26.19, 135.86
8370, 95.76, -141.66, 1118.41, -27580.26, -26794.43, -57655.34, -120.88, 26.21, 135.83
8400, 161.50, -114.50, 1143.55, -28747.56, -25398.25, -58723.45, 39.16, -31.36, 168.42
8430, 124.82, -139.16, 1159.18, -32989.50, -9040.83, -57540.89, 39.16, -31.36, 168.42
8460, -112.73, -204.35, 1175.05, -30441.29, -7743.84, -57769.77, 39.16, -31.36, 168.42
8490, -234.19, -209.84, 1128.17, -24543.76, -20965.58, -56762.70, 39.14, -31.36, 168.43
8520, -149.60, -209.78, 1104.31, -21392.82, -31654.36, -52017.21, -180.58, 1.39, 1.10
8550, -27.83, -177.00, 1086.73, -19462.59, -35820.01, -53405.76, -180.58, 1.39, 1.10
8580, 33.57, -173.71, 1075.01, -19866.94, -34698.48, -54733.28, -180.58, 1.39, 1.10
8610, 133.12, -127.81, 1111.94, -18859.86, -32897.95, -55419.92, 179.39, 1.39, 1.11
8640, 203.06, -127.32, 1129.52, -22247.31, -24330.14, -53909.30, 174.24, 42.56, -13.27
8670, 125.92, -179.44, 1133.12, -20195.01, -12672.42, -54290.77, 174.24, 42.56, -13.27
8700, 11.66, -170.10, 1143.13, -16082.76, -4981.99, -53230.29, 174.24, 42.56, -13.27
8730, -130.00, -142.58, 1137.94, -14755.25, -3868.10, -53779.60, 174.24, 42.56, -13.27
8760, -217.90, -140.50, 1127.62, -14732.36, -11688.23, -54321.29, 174.21, 42.54, -13.26
8790, -139.40, -112.30, 1123.60, -16723.63, -22201.54, -54939.27, -105.71, 57.35, 108.90
8820, -57.25, -110.35, 1130.07, -18943.79, -25733.95, -51429.75, -105.71, 57.35, 108.90
8850, 40.47, -103.15, 1122.62, -19157.41, -25260.93, -47286.99, -105.71, 57.35, 108.90
8880, 54.69, -116.21, 1114.01, -20820.62, -18325.80, -47615.05, -105.78, 57.37, 108.84
8910, 38.39, -123.23, 1164.25, -22491.46, -14190.67, -50773.62, 156.47, -1.40, 173.16
8940, 4.09, -114.87, 1212.59, -22392.27, -9986.88, -53939.82, 156.47, -1.40, 173.16
8970, -195.31, -132.39, 1189.03, -21972.66, -10818.48, -56137.09, 156.47, -1.40, 173.16
9000, -258.24, -122.80, 1139.16, -20584.11, -27214.05, -54855.35, 156.50, -1.40, 173.18
9030, -30.82, -98.94, 1096.44, -24009.71, -37010.19, -51910.40, 151.99, 53.33, -51.84
9060, 71.96, -112.24, 1092.90, -28244.02, -29029.85, -50415.04, 151.99, 53.33, -51.84
9090, -16.85, -148.99, 1104.37, -29365.54, -21865.84, -49591.06, 151.99, 53.33, -51.84
9120, 38.33, -162.05, 1142.58, -29785.16, -23887.63, -49468.99, 151.99, 53.29, -51.82
9150, 90.45, -136.35, 1167.30, -29769.90, -20767.21, -55694.58, -104.66, 56.37, 111.03
9180, 7.57, -123.84, 1180.30, -30815.13, -17082.21, -58708.19, -104.66, 56.37, 111.03
9210, -65.25, -143.80, 1150.02, -32646.18, -19279.48, -56114.20, -104.66, 56.37, 111.03
9240, -55.85, -167.85, 1146.85, -33660.89, -22567.75, -54763.79, -104.72, 56.39, 110.97
9270, -73.97, -188.96, 1156.43, -33714.29, -25024.41, -55747.98, 155.82, -3.50, 163.39
9300, -73.36, -203.98, 1145.63, -33569.34, -26863.10, -56159.97, 155.82, -3.50, 163.39
9330, -101.01, -203.80, 1133.36, -32081.60, -30410.77, -58860.78, 155.82, -3.50, 163.39
9360, -13.00, -187.50, 1131.90, -31013.49, -34027.10, -60447.69, 155.82, -3.50, 163.39
9390, 13.85, -192.50, 1132.14, -28961.18, -32737.73, -59127.81, 155.86, -3.50, 163.40
9420, 57.92, -168.70, 1129.09, -26100.16, -31013.49, -58395.39, 165.16, 23.70, -61.62
9450, 94.73, -131.59, 1141.48, -25627.14, -24993.90, -57975.77, 165.16, 23.70, -61.62
9480, 24.17, -122.50, 1148.99, -28717.04, -18142.70, -57106.02, 165.16, 23.70, -61.62
9510, -76.17, -163.15, 1164.86, -31150.82, -16769.41, -56747.44, 165.14, 23.68, -61.60
9540, -125.85, -183.23, 1180.36, -31433.11, -20637.51, -56503.30, 140.98, 75.26, -48.67
9570, -88.32, -202.94, 1190.00, -30883.79, -23857.12, -55503.84, 140.98, 75.26, -48.67
9600, -141.54, -223.33, 1162.17, -27748.11, -27130.13, -56152.34, 140.98, 75.26, -48.67
9630, -56.27, -179.26, 1145.81, -24307.25, -32737.73, -55053.71, 141.03, 75.22, -48.59
9660, 77.94, -168.95, 1179.63, -25047.30, -27969.36, -51704.41, -104.25, 31.87, 140.06
9690, 29.17, -172.79, 1179.93, -22178.65, -19874.57, -51818.85, -104.25, 31.87, 140.06
9720, -52.86, -133.85, 1185.18, -24902.34, -22033.69, -51101.68, -104.25, 31.87, 140.06
9750, -52.67, -150.88, 1159.85, -32440.19, -26290.89, -52131.65, -104.26, 31.89, 140.03
9780, -34.97, -203.00, 1137.02, -38253.79, -29396.06, -56007.39, 101.38, -21.31, 153.87
9810, -30.09, -283.51, 1115.30, -36491.39, -28266.91, -58288.57, 101.38, -21.31, 153.87
9840, -74.77, -283.63, 1078.61, -28968.81, -28968.81, -57518.00, 101.38, -21.31, 153.87
9870, -2.62, -182.98, 1061.95, -26519.78, -31440.73, -59570.31, 101.40, -21.32, 153.86
9900, 57.74, -131.77, 1073.36, -33065.80, -23666.38, -61256.41, -166.69, -9.46, -111.59
9930, 41.14, -155.88, 1099.79, -37536.62, -29281.62, -59440.61, -166.69, -9.46, -111.59
9960, 184.45, -153.50, 1147.52, -38650.51, -25665.28, -61561.59, -166.69, -9.46, -111.59
9990, 113.22, -139.22, 1147.71, -33752.44, -14808.65, -64033.51, -166.69, -9.47, -111.57
10020, 5.49, -112.49, 1175.29, -29876.71, -8209.23, -60798.64, 41.70, 16.81, -173.47
10050, -121.52, -106.38, 1103.88, -22933.96, -900.27, -58410.64, 41.70, 16.81, -173.47
10080, -242.80, -79.96, 1151.73, -18096.92, -6553.65, -48248.29, 41.70, 16.81, -173.47
10110, -89.66, -62.19, 1182.98, -19561.77, -16151.43, -33683.78, 41.70, 16.84, -173.43
10140, -53.59, -103.21, 1204.22, -21003.72, -11749.27, -27076.72, -67.71, -10.80, -172.83
10170, -39.06, -113.28, 1257.45, -21995.54, -15014.65, -22987.37, -67.71, -10.80, -172.83
10200, -128.42, -163.15, 1155.70, -26611.33, -9696.96, -26870.73, -67.71, -10.80, -172.83
10230, -110.96, -209.11, 1200.26, -28587.34, -20057.68, -35003.66, -67.73, -10.78, -172.82
10260, -69.46, -170.84, 1152.10, -21820.07, -25627.14, -44692.99, -167.38, -27.21, -51.12
10290, 32.17, -144.10, 1146.06, -23262.02, -24589.54, -37544.25, -167.38, -27.21, -51.12
10320, 62.26, -244.63, 1185.49, -31082.15, -10803.22, -24337.77, -167.38, -27.21, -51.12
10350, -12.27, -348.02, 1232.24, -28724.67, -2975.46, -20797.73, -167.43, -27.20, -51.10
10380, -203.19, -322.33, 1191.10, -18882.75, -2502.44, -28518.68, -169.74, -3.85, -140.95
10410, -264.59, -265.87, 1170.65, -20767.21, -18119.81, -29983.52, -169.74, -3.85, -140.95
10440, -87.59, -284.36, 1180.30, -25650.02, -29716.49, -36903.38, -169.74, -3.85, -140.95
10470, 37.23, -266.30, 1207.58, -21217.35, -31219.48, -48637.39, -169.74, -3.85, -140.95
10500, 90.64, -218.20, 1123.54, -17120.36, -18432.62, -49545.29, -169.74, -3.86, -140.91
10530, -106.02, -191.28, 1151.67, -15518.19, -12496.95, -44631.96, 0.17, 18.94, -179.88
10560, -102.05, -98.45, 1196.29, -16433.71, -15701.29, -43190.00, 0.17, 18.94, -179.88
10590, -173.22, -107.97, 1127.01, -28472.90, -13633.73, -39329.53, 0.17, 18.94, -179.88
10620, -188.23, -264.40, 1224.18, -37857.05, -25680.54, -38345.34, 0.16, 18.97, -179.85
10650, -5.86, -335.88, 1251.16, -25901.79, -34706.12, -46150.21, -93.85, -19.62, -159.26
10680, 36.74, -290.95, 1196.29, -5531.31, -33454.89, -41305.54, -93.85, -19.62, -159.26
10710, 228.94, -199.22, 1055.48, 4997.25, -24505.62, -32241.82, -93.85, -19.62, -159.26
10740, 226.81, -101.20, 1014.95, 4043.58, 1228.33, -27732.85, -93.87, -19.63, -159.24
10770, -93.81, -115.11, 1171.57, -5767.82, 20362.85, -24757.38, 162.15, -42.15, 42.98
10800, -294.86, -111.27, 1210.82, -10246.28, 15220.64, -24574.28, 162.15, -42.15, 42.98
10830, -429.38, -79.83, 1310.42, -18615.72, -343.32, -35202.03, 162.15, -42.15, 42.98
10860, -233.83, -201.97, 1185.49, -28030.39, -21400.45, -37406.92, 162.17, -42.09, 42.95
10890, -23.99, -306.95, 1165.16, -22758.48, -19096.38, -30807.50, -122.11, -24.30, -137.91
10920, -13.49, -274.29, 1339.90, -16845.70, -14953.61, -24322.51, -122.11, -24.30, -137.91
10950, 55.05, -265.81, 1269.90, -10482.79, -11955.26, -28404.24, -122.11, -24.30, -137.91
10980, 53.71, -282.35, 1196.72, -3623.96, -2632.14, -30441.29, -122.13, -24.31, -137.89
11010, 0.24, -282.90, 1167.66, -2441.41, 7186.89, -29724.12, 97.25, -38.57, 136.25
11040, 57.74, -236.33, 1097.35, -4562.38, 27107.24, -39253.23, 97.25, -38.57, 136.25
11070, -181.95, -216.80, 1210.21, -13786.32, 40161.13, -48713.68, 97.25, -38.57, 136.25
11100, -539.98, -199.65, 1394.10, -22109.98, 20706.18, -60836.79, 97.25, -38.57, 136.25
11130, -616.21, -206.12, 1458.98, -31921.39, -20965.58, -66108.70, 97.29, -38.57, 136.19
11160, -332.03, -252.62, 1467.83, -37574.77, -45829.77, -65078.73, -95.64, -34.44, -142.58
11190, -200.13, -308.90, 1397.09, -35629.27, -45211.79, -70709.23, -95.64, -34.44, -142.58
11220, -233.64, -273.68, 1287.90, -24368.29, -45143.13, -77301.02, -95.66, -34.43, -142.57
11250, -245.61, -180.97, 1248.78, -20851.13, -42671.20, -79055.79, 178.19, -3.20, 41.84
11280, -278.75, -135.86, 1237.73, -20431.52, -38291.93, -78437.80, 178.19, -3.20, 41.84
11310, -351.26, -147.03, 1213.62, -17303.47, -37506.10, -71022.03, 178.19, -3.20, 41.84
11340, -342.22, -134.40, 1169.01, -18577.58, -46516.42, -57266.23, 178.19, -3.20, 41.84
11370, -196.47, -131.04, 1149.41, -19950.87, -58135.98, -59120.18, 178.18, -3.19, 41.82
11400, 50.23, -69.76, 1198.00, -24749.76, -61950.68, -66680.91, 11.62, -48.28, 174.53
11430, 55.73, -76.84, 1183.17, -32653.81, -49949.64, -72044.38, 11.62, -48.28, 174.53
11460, -49.26, -125.79, 1173.77, -37170.41, -44990.54, -71449.28, 11.62, -48.28, 174.53
11490, -31.25, -136.17, 1210.14, -38436.89, -42137.14, -68214.41, 11.59, -48.30, 174.53
11520, -97.60, -152.28, 1193.54, -39741.52, -35934.45, -65048.22, -116.82, 52.54, 103.14
11550, -245.30, -156.19, 1103.70, -35324.10, -41893.00, -67848.20, -116.82, 52.54, 103.14
11580, -150.76, -171.14, 1112.73, -34210.20, -44754.03, -63827.52, -116.82, 52.54, 103.14
11610, -90.21, -163.64, 1159.67, -28877.26, -41168.21, -57388.30, -116.88, 52.56, 103.07
11640, -32.59, -85.02, 1175.35, -19035.34, -34599.30, -56419.37, 137.56, -3.48, 170.93
11670, 51.64, -77.45, 1221.13, -24803.16, -23078.92, -40260.32, 137.56, -3.48, 170.93
11700, -13.31, -71.96, 1221.56, -23056.03, -22933.96, -44830.32, 137.56, -3.48, 170.93
11730, -52.80, -93.57, 1179.81, -26466.37, -21614.07, -42930.60, 137.60, -3.49, 170.95
11760, -114.01, -145.26, 1168.76, -26077.27, -20439.15, -32829.29, 141.01, 65.82, -56.59
11790, -148.93, -175.29, 1170.23, -23704.53, -17959.59, -28167.72, 141.01, 65.82, -56.59
11820, -168.88, -227.29, 1198.55, -23277.28, -22064.21, -23681.64, 141.01, 65.82, -56.59
11850, -90.76, -249.51, 1191.65, -18966.68, -26542.66, -26542.66, 141.03, 65.78, -56.53
11880, -28.56, -218.75, 1190.80, -18013.00, -26466.37, -29853.82, -103.47, 43.27, 127.08
11910, -71.72, -256.35, 1190.92, -20866.39, -24345.40, -33592.22, -103.47, 43.27, 127.08
11940, -31.62, -265.99, 1211.49, -17944.34, -23933.41, -39093.02, -103.47, 43.27, 127.08
11970, -7.87, -247.38, 1242.13, -15495.30, -19569.40, -39703.37, -103.50, 43.29, 127.04
12000, -53.77, -246.70, 1255.74, -13046.26, -16036.99, -41503.91, 131.18, -7.52, 163.31
12030, -107.18, -213.93, 1262.76, -11070.25, -17578.13, -45646.67, 131.18, -7.52, 163.31
12060, -147.64, -177.98, 1223.39, -14511.11, -22293.09, -49247.74, 131.18, -7.52, 163.31
12090, -139.04, -191.65, 1218.63, -19538.88, -28724.67, -55732.73, 131.21, -7.52, 163.32
12120, -113.46, -184.45, 1191.77, -21858.21, -29296.88, -57937.62, 161.61, 40.82, -45.68
12150, -211.98, -223.82, 1143.37, -24955.75, -29647.83, -55854.80, 161.61, 40.82, -45.68
12180, -136.84, -237.30, 1119.32, -25901.79, -37345.89, -56190.49, 161.61, 40.82, -45.68
12210, -1.71, -214.97, 1140.50, -26550.29, -44021.61, -59539.80, 161.59, 40.78, -45.66
12240, 63.35, -211.67, 1096.80, -26237.49, -41572.57, -66383.36, -132.25, 63.04, 72.37
12270, 84.78, -185.97, 1092.71, -26046.75, -37155.15, -68534.85, -132.25, 63.04, 72.37
12300, 112.43, -163.33, 1115.54, -28007.51, -29869.08, -67588.80, -132.25, 63.04, 72.37
12330, 50.42, -157.04, 1115.60, -28099.06, -20919.80, -67771.91, -132.25, 63.04, 72.37
12360, -40.41, -148.68, 1148.13, -27771.00, -17303.47, -64582.82, -132.34, 63.04, 72.29
12390, -33.45, -134.64, 1173.46, -28923.04, -17440.80, -60707.09, 177.69, -0.36, 156.57
12420, -75.20, -148.74, 1195.31, -26588.44, -17883.30, -60592.65, 177.69, -0.36, 156.57
12450, -105.16, -129.39, 1176.39, -24497.99, -22415.16, -59417.73, 177.69, -0.36, 156.57
12480, -109.25, -127.26, 1164.79, -24665.83, -26535.04, -53344.73, 177.73, -0.36, 156.56
12510, -73.49, -139.40, 1157.65, -25032.04, -28327.94, -48385.62, -173.53, -16.29, -46.54
12540, -26.98, -135.25, 1184.20, -24894.71, -30868.53, -45295.71, -173.53, -16.29, -46.54
12570, 4.94, -142.40, 1177.92, -25024.41, -27717.59, -43663.02, -173.53, -16.29, -46.54
12600, -77.76, -170.10, 1184.02, -24848.94, -28541.56, -42449.95, -173.57, -16.28, -46.52
12630, -25.94, -165.34, 1189.94, -23925.78, -33256.53, -43334.96, 164.96, 11.69, -102.22
12660, -41.63, -162.05, 1161.56, -24208.07, -31570.43, -46371.46, 164.96, 11.69, -102.22
12690, -43.58, -193.42, 1176.27, -22422.79, -33714.29, -47218.32, 164.96, 11.69, -102.22
12720, -2.56, -187.19, 1172.79, -18333.44, -34851.07, -45784.00, 164.96, 11.68, -102.19
12750, -39.31, -183.65, 1133.00, -14160.16, -30426.03, -46241.76, -3.47, 44.81, 178.80
12780, -68.85, -190.00, 1118.47, -12466.43, -30876.16, -42190.55, -3.47, 44.81, 178.80
12810, 14.95, -188.17, 1109.38, -11665.34, -31654.36, -38825.99, -3.47, 44.81, 178.80
12840, 47.36, -173.71, 1123.90, -13473.51, -26130.68, -39649.96, -3.46, 44.85, 178.84
12870, -47.24, -202.21, 1127.81, -17005.92, -21705.63, -42610.17, -107.56, 3.37, 175.45
12900, -44.25, -207.46, 1138.49, -19187.93, -24429.32, -47134.40, -107.56, 3.37, 175.45
12930, -29.91, -192.20, 1139.10, -21858.21, -23460.39, -47973.63, -107.56, 3.37, 175.45
12960, -41.63, -238.59, 1148.01, -26397.71, -26626.59, -43914.80, -107.56, 3.37, 175.45
12990, 36.25, -273.62, 1146.73, -28533.94, -30319.21, -46104.43, -107.56, 3.37, 175.45
13020, 59.57, -300.29, 1126.71, -26756.29, -26580.81, -53428.65, -73.39, 56.81, 136.47
13050, -15.56, -277.28, 1116.09, -23338.32, -25367.74, -56762.70, -73.39, 56.81, 136.47
13080, 35.03, -232.06, 1117.49, -22804.26, -27565.00, -60134.89, -73.39, 56.81, 136.47
13110, 39.61, -222.23, 1116.03, -22697.45, -26977.54, -64559.94, -73.44, 56.85, 136.44
13140, 23.01, -192.38, 1127.01, -21507.26, -26794.43, -64933.78, -173.13, 0.87, 166.68
13170, 80.44, -176.51, 1137.21, -23780.82, -26512.15, -64292.91, -173.13, 0.87, 166.68
13200, 31.80, -182.31, 1119.63, -23399.35, -22224.43, -69053.65, -173.13, 0.87, 166.68
13230, -57.92, -185.36, 1128.42, -21446.23, -23269.65, -68840.02, -173.10, 0.86, 166.69
13260, -48.58, -165.77, 1097.66, -20538.33, -27313.23, -65689.09, 171.95, 19.51, -41.62
13290, -21.48, -144.23, 1100.40, -20164.49, -33058.17, -65872.20, 171.95, 19.51, -41.62
13320, 127.01, -100.83, 1137.33, -19424.44, -32638.55, -63400.27, 171.95, 19.51, -41.62
13350, 62.44, -112.24, 1109.56, -24276.73, -21842.96, -57991.03, 171.92, 19.49, -41.60
13380, -23.44, -139.59, 1139.34, -24208.07, -22209.17, -60195.92, 148.49, 71.21, -42.26
13410, 7.26, -128.23, 1113.04, -26298.52, -23139.95, -56495.67, 148.49, 71.21, -42.26
13440, 23.19, -209.66, 1106.51, -25054.93, -24047.85, -51628.11, 148.49, 71.21, -42.26
13470, 59.57, -186.16, 1101.14, -21202.09, -21331.79, -53733.82, 148.50, 71.17, -42.22
13500, 9.46, -191.10, 1092.83, -19897.46, -16029.36, -52764.89, -110.84, 36.66, 129.14
13530, -18.25, -183.65, 1111.27, -19409.18, -15548.71, -51979.07, -110.84, 36.66, 129.14
13560, 37.41, -163.51, 1145.87, -19325.26, -13458.25, -53222.66, -110.84, 36.66, 129.14
13590, -20.94, -161.07, 1183.11, -18547.06, -6874.08, -56022.64, -110.85, 36.68, 129.10
13620, -155.52, -125.55, 1145.94, -15396.12, -8666.99, -62965.39, 104.79, -18.55, 155.83
13650, -153.93, -79.65, 1149.90, -14480.59, -12504.58, -63209.54, 104.79, -18.55, 155.83
13680, -162.66, -66.83, 1151.98, -16799.93, -17044.07, -57815.55, 104.79, -18.55, 155.83
13710, -146.91, -44.74, 1137.94, -16677.86, -22789.00, -53939.82, 104.81, -18.55, 155.82
13740, -77.03, -18.07, 1143.74, -19279.48, -27938.84, -50315.86, -174.22, -8.46, -73.73
13770, -11.47, -54.57, 1134.16, -23094.18, -32157.90, -45364.38, -174.22, -8.46, -73.73
13800, 57.80, -77.51, 1108.89, -24848.94, -33134.46, -44227.60, -174.22, -8.46, -73.73
13830, 104.61, -79.96, 1103.33, -27442.93, -27488.71, -47309.88, -174.22, -8.46, -73.73
13860, 11.05, -138.55, 1124.82, -31105.04, -22071.84, -44830.32, -174.24, -8.48, -73.71
13890, -17.33, -189.39, 1100.16, -31501.77, -21751.40, -45951.84, 146.69, 22.56, -111.66
13920, -72.57, -201.42, 1139.16, -31555.18, -23475.65, -51506.04, 146.69, 22.56, -111.66
13950, -76.90, -220.95, 1158.14, -32997.13, -32157.90, -55107.12, 146.69, 22.56, -111.66
13980, 51.03, -195.07, 1159.36, -30235.29, -37323.00, -60386.66, 146.71, 22.54, -111.62
14010, 92.29, -169.92, 1129.21, -29243.47, -33233.64, -62416.08, -43.41, 60.55, 154.20
14040, 20.08, -169.19, 1094.97, -28198.24, -31723.02, -66505.43, -43.41, 60.55, 154.20
14070, 71.90, -134.52, 1103.09, -30014.04, -28968.81, -67611.70, -43.41, 60.55, 154.20
14100, 39.06, -145.32, 1156.01, -32592.77, -23933.41, -66993.71, -43.44, 60.59, 154.19
14130, -56.03, -142.94, 1117.86, -30761.72, -21141.05, -67398.07, -144.43, 3.06, 170.61
14160, -101.14, -101.68, 1137.33, -33065.80, -25184.63, -64979.55, -144.43, 3.06, 170.61
14190, -82.34, -128.60, 1124.57, -37216.19, -31455.99, -64208.98, -144.43, 3.06, 170.61
14220, 17.21, -112.73, 1124.63, -37719.73, -36560.06, -65444.95, -144.41, 3.06, 170.62
14250, 97.05, -85.57, 1133.97, -39970.40, -32623.29, -64125.06, -178.01, -5.21, -52.27
14280, 32.90, -135.56, 1124.69, -42007.45, -27908.32, -61004.64, -178.01, -5.21, -52.27
14310, 47.85, -148.19, 1139.10, -40618.90, -24002.07, -58532.71, -178.01, -5.21, -52.27
14340, 6.59, -166.69, 1168.27, -38360.59, -18753.05, -55854.80, -178.05, -5.21, -52.25
14370, -71.78, -195.25, 1183.41, -33813.48, -17463.68, -52803.04, 155.07, 23.03, -93.29
14400, -102.17, -184.08, 1179.38, -29129.03, -17379.76, -49011.23, 155.07, 23.03, -93.29
14430, -154.60, -175.17, 1180.11, -26603.70, -20370.48, -45654.30, 155.07, 23.03, -93.29
14460, -132.39, -164.18, 1182.13, -26481.63, -29289.25, -43067.93, 155.08, 23.01, -93.26
14490, -41.93, -186.10, 1115.78, -27832.03, -33523.56, -41900.63, -29.20, 74.66, 157.98
14520, 4.03, -199.95, 1102.97, -27542.11, -33668.52, -40504.46, -29.20, 74.66, 157.98
14550, 88.32, -193.05, 1079.59, -25932.31, -32981.87, -39657.59, -29.20, 74.66, 157.98
14580, 142.15, -204.90, 1110.41, -27091.98, -27793.88, -37895.20, -29.23, 74.70, 157.97
14610, 62.87, -244.87, 1101.68, -24902.34, -20072.94, -37528.99, -126.64, 12.27, 156.14
14640, 37.35, -242.07, 1109.31, -19889.83, -22834.78, -38017.27, -126.64, 12.27, 156.14
14670, 75.13, -215.82, 1126.53, -17936.71, -20011.90, -41404.72, -126.64, 12.27, 156.14
14700, 5.37, -210.27, 1098.82, -16632.08, -16708.38, -45845.03, -126.64, 12.27, 156.14
14730, -83.98, -194.03, 1107.54, -15480.04, -20523.07, -47859.19, -126.63, 12.28, 156.13
14760, 20.63, -162.78, 1107.79, -18188.48, -26512.15, -47103.88, 167.11, -78.87, 14.96
14790, 89.11, -157.90, 1136.84, -22018.43, -22071.84, -48217.77, 167.11, -78.87, 14.96
14820, 38.21, -209.90, 1178.77, -23902.89, -18959.04, -48568.73, 167.11, -78.87, 14.96
14850, 38.02, -208.31, 1198.85, -20416.26, -21484.38, -50765.99, 167.11, -78.81, 14.93
14880, 3.91, -174.68, 1123.84, -19767.76, -24284.36, -52169.80, -130.96, -11.52, -155.36
14910, -26.55, -204.90, 1123.05, -23048.40, -28289.79, -50941.47, -130.96, -11.52, -155.36
14940, 22.46, -227.23, 1092.29, -26405.33, -27412.41, -52284.24, -130.96, -11.52, -155.36
14970, -72.45, -261.60, 1096.50, -28182.98, -28114.32, -56663.51, -130.97, -11.53, -155.34
15000, -13.49, -274.41, 1087.22, -27954.10, -35232.54, -60897.83, 22.21, 4.44, -179.12
