30, 130.62, 524.90, 781.74, -8483.89, -9468.08, 4264.83, -128.97, -64.20, -86.61
60, 123.05, 152.83, 899.41, 938.42, -3921.51, 8911.13, 117.01, -9.43, 164.48
90, 54.93, 360.11, 852.54, 2365.11, -2578.74, 4959.11, 117.01, -9.43, 164.48
120, 146.00, 377.93, 917.72, 1274.11, -4920.96, -3967.29, 117.01, -9.43, 164.48
150, 129.39, 471.19, 987.79, 1373.29, -7194.52, -8445.74, 117.01, -9.43, 164.48
180, 210.45, 518.07, 965.82, -7011.41, -5752.56, -9368.90, 117.01, -9.43, 164.48
210, 212.65, 398.68, 1037.84, -5485.53, -6187.44, 450.13, 117.01, -9.43, 164.48
240, 148.19, 437.26, 957.52, -7713.32, -15113.83, 8094.79, 117.01, -9.43, 164.48
270, 187.26, 366.94, 941.16, -8834.84, -15991.21, 10360.72, 117.01, -9.43, 164.48
300, 181.64, 329.59, 907.71, -6263.73, -14915.47, 13542.18, 117.01, -9.43, 164.48
330, 171.39, 339.60, 892.33, -7133.48, -17837.52, 13618.47, 117.01, -9.43, 164.48
360, 217.77, 322.27, 879.39, -9849.55, -16464.23, 11169.43, 117.01, -9.43, 164.48
390, 241.94, 325.20, 937.50, -11764.53, -14114.38, 8285.52, 117.01, -9.43, 164.48
420, 210.21, 302.73, 926.27, -9201.05, -13328.55, 2098.08, 117.01, -9.43, 164.48
450, 182.13, 316.16, 881.35, -3196.72, -14747.62, -4051.21, 117.01, -9.43, 164.48
480, -37.60, 443.60, 951.90, 1091.00, -19897.46, -3097.53, 117.01, -9.43, 164.48
510, -305.18, 638.92, 916.02, -12390.14, -47721.86, 16838.07, 117.01, -9.43, 164.48
540, -109.38, 588.87, 820.56, -46897.89, -92399.59, 27877.81, 117.01, -9.43, 164.48
570, 259.28, 260.25, 716.06, -58319.09, -106773.38, 15586.85, 117.01, -9.43, 164.48
600, 530.03, 47.36, 883.54, -45837.40, -105827.33, 3883.36, 117.01, -9.43, 164.48
630, 794.43, 41.50, 936.04, -25009.16, -83236.70, -6690.98, 117.01, -9.43, 164.48
660, 779.30, 110.84, 868.41, -14724.73, -44815.06, -7431.03, 117.01, -9.43, 164.48
690, 663.09, 106.45, 917.72, -11734.01, -21240.23, 579.83, 117.01, -9.43, 164.48
720, 638.67, 85.94, 875.24, -373.84, -8087.16, 4119.87, 117.01, -9.43, 164.48
750, 562.99, 122.56, 781.25, 7972.72, 4081.73, 7415.77, 117.01, -9.43, 164.48
780, 561.04, 147.46, 828.61, 17013.55, 8567.81, 8499.15, 117.01, -9.43, 164.48
810, 565.92, 205.81, 768.31, 24078.37, 15335.08, 3288.27, 117.01, -9.43, 164.48
840, 449.22, 230.96, 822.51, 21667.48, 13252.26, 3791.81, 117.01, -9.43, 164.48
870, 486.82, 260.01, 918.46, 18028.26, -1861.57, 5706.79, 117.01, -9.43, 164.48
900, 547.85, 242.43, 888.43, 9620.67, -4409.79, 6378.17, 117.01, -9.43, 164.48
930, 538.09, 183.59, 887.21, 6103.52, -76.29, 3440.86, 117.01, -9.43, 164.48
960, 548.83, 215.58, 932.37, 6202.70, 854.49, -4058.84, 117.01, -9.43, 164.48
990, 512.21, 223.14, 909.91, 1136.78, 7156.37, -8804.32, 117.01, -9.43, 164.48
1020, 476.81, 198.00, 978.03, -1487.73, 9178.16, -10269.17, 117.01, -9.43, 164.48
1050, 432.37, 182.37, 951.42, 1594.54, 7247.92, -14457.70, 117.01, -9.43, 164.48
1080, 403.81, 198.49, 916.50, 5104.06, 1220.70, -15632.63, 117.01, -9.43, 164.48
1110, 418.46, 226.56, 882.08, 5439.76, -7728.58, -12054.44, 117.01, -9.43, 164.48
1140, 465.58, 238.04, 870.12, 3456.12, -13221.74, -5950.93, 117.01, -9.43, 164.48
1170, 532.23, 213.38, 874.02, 2098.08, -13572.69, -1396.18, 117.01, -9.43, 164.48
1200, 561.04, 208.74, 906.25, 2548.22, -14358.52, 2014.16, 117.01, -9.43, 164.48
1230, 560.79, 192.38, 913.57, 2571.11, -14343.26, 5493.16, 117.01, -9.43, 164.48
1260, 587.65, 169.68, 907.47, 7637.02, -15853.88, 1304.63, 117.01, -9.43, 164.48
1290, 590.58, 194.82, 875.49, 14724.73, -12718.20, -6858.83, 117.01, -9.43, 164.48
1320, 526.12, 246.58, 828.13, 16250.61, -9078.98, -10688.78, 117.01, -9.43, 164.48
1350, 478.27, 268.80, 800.78, 14106.75, -11428.83, -10948.18, 117.01, -9.43, 164.48
1380, 497.56, 254.39, 761.96, 13877.87, -12634.28, -11398.32, 117.01, -9.43, 164.48
1410, 536.62, 290.53, 804.44, 13984.68, -10780.33, -11962.89, 117.01, -9.43, 164.48
1440, 633.54, 343.02, 863.04, 13000.49, -2182.01, -13198.85, 117.01, -9.43, 164.48
1470, 623.78, 392.82, 893.55, 9490.97, 14663.70, -13969.42, 117.01, -9.43, 164.48
1500, 491.70, 424.07, 870.12, 701.90, 24940.49, -11909.48, 117.01, -9.43, 164.48
1530, 348.88, 412.60, 825.20, -10681.15, 20637.51, -7896.42, 117.01, -9.43, 164.48
1560, 337.16, 375.73, 833.98, -16914.37, 5699.16, -6820.68, 117.01, -9.43, 164.48
1590, 443.36, 328.37, 837.65, -14739.99, -3257.75, -10093.69, 117.01, -9.43, 164.48
1620, 594.73, 355.22, 985.60, -7392.88, -3967.29, -14579.77, 117.01, -9.43, 164.48
1650, 544.68, 376.46, 887.21, -4753.11, 5348.21, -10810.85, 117.01, -9.43, 164.48
1680, 437.01, 364.50, 821.78, -5073.55, 6828.31, -3517.15, 117.01, -9.43, 164.48
1710, 421.88, 326.90, 769.53, -137.33, 4364.01, -404.36, 117.01, -9.43, 164.48
1740, 405.76, 363.53, 768.31, 7743.84, 2693.18, 1091.00, 117.01, -9.43, 164.48
1770, 422.61, 421.14, 769.78, 6416.32, -282.29, 8636.47, 117.01, -9.43, 164.48
1800, 478.03, 402.34, 824.95, 518.80, -4211.43, 18501.28, 117.01, -9.43, 164.48
1830, 534.67, 341.80, 835.94, 2517.70, -2983.09, 19531.25, 117.01, -9.43, 164.48
1860, 525.88, 381.59, 887.21, 6782.53, 2433.78, 15586.85, 117.01, -9.43, 164.48
1890, 497.56, 364.75, 838.62, 6568.91, 7370.00, 14228.82, 117.01, -9.43, 164.48
1920, 416.50, 351.07, 805.42, 5775.45, 12100.22, 16822.81, 117.01, -9.43, 164.48
1950, 417.72, 349.37, 900.88, 3227.23, 6271.36, 20492.55, 117.01, -9.43, 164.48
1980, 494.63, 325.93, 985.35, 5233.76, -3547.67, 20324.71, 117.01, -9.43, 164.48
2010, 586.18, 344.48, 1020.02, 9101.87, -7812.50, 17951.96, 117.01, -9.43, 164.48
2040, 612.79, 370.85, 960.21, 8300.78, -465.39, 15197.75, 117.01, -9.43, 164.48
2070, 538.82, 354.74, 883.54, 3707.89, 9696.96, 12481.69, 117.01, -9.43, 164.48
2100, 440.67, 322.75, 809.57, -411.99, 14801.03, 8934.02, 117.01, -9.43, 164.48
2130, 337.65, 283.94, 717.77, -3417.97, 15800.48, 3814.70, 117.01, -9.43, 164.48
2160, 283.20, 254.39, 661.62, -5363.46, 11314.39, 61.04, 117.01, -9.43, 164.48
2190, 357.91, 221.19, 736.33, -6057.74, 6423.95, 1480.10, 117.01, -9.43, 164.48
2220, 389.65, 205.08, 802.73, -1914.98, 1693.73, 4379.27, 117.01, -9.43, 164.48
2250, 501.95, 229.98, 901.61, 4486.08, -7392.88, 5142.21, 117.01, -9.43, 164.48
2280, 588.87, 259.28, 945.07, 7850.65, -9117.13, 9132.38, 117.01, -9.43, 164.48
2310, 615.23, 265.14, 973.39, 8125.31, -9193.42, 14877.32, 117.01, -9.43, 164.48
2340, 633.06, 245.61, 994.14, 12863.16, -10467.53, 13916.02, 117.01, -9.43, 164.48
2370, 666.02, 262.21, 914.55, 18775.94, -5317.69, 5989.07, 117.01, -9.43, 164.48
2400, 587.89, 265.87, 784.91, 19905.09, 6240.84, 770.57, 117.01, -9.43, 164.48
2430, 499.02, 278.08, 756.84, 17692.57, 16258.24, -2128.60, 117.01, -9.43, 164.48
2460, 440.19, 289.79, 772.95, 13328.55, 19714.36, -2197.27, 117.01, -9.43, 164.48
2490, 403.56, 285.16, 823.49, 9529.11, 13244.63, -2189.64, 117.01, -9.43, 164.48
2520, 455.08, 283.45, 905.52, 9986.88, 389.10, -4219.06, 117.01, -9.43, 164.48
2550, 535.16, 309.81, 929.44, 9620.67, -7087.71, -7331.85, 117.01, -9.43, 164.48
2580, 550.29, 306.64, 916.75, 8270.26, -5416.87, -10726.93, 117.01, -9.43, 164.48
2610, 483.89, 276.12, 808.84, 9529.11, -2685.55, -14984.13, 117.01, -9.43, 164.48
2640, 482.18, 309.33, 841.06, 10101.32, -3807.07, -17799.38, 117.01, -9.43, 164.48
2670, 544.68, 353.76, 843.51, 5836.49, 961.30, -18341.06, 117.01, -9.43, 164.48
2700, 515.87, 344.73, 908.94, 1335.14, 6416.32, -17272.95, 117.01, -9.43, 164.48
2730, 477.54, 358.15, 868.65, 2044.68, 12092.59, -20545.96, 117.01, -9.43, 164.48
2760, 321.04, 340.09, 762.21, -1777.65, 13015.75, -16563.42, 117.01, -9.43, 164.48
2790, 385.01, 347.41, 848.14, -4142.76, 1770.02, -10139.46, 117.01, -9.43, 164.48
2820, 436.28, 357.42, 869.87, -1106.26, 549.32, -9956.36, 117.01, -9.43, 164.48
2850, 458.74, 391.85, 845.21, 1228.33, 1762.39, -14518.74, 117.01, -9.43, 164.48
2880, 450.93, 413.57, 900.15, 1037.60, 1358.03, -15159.61, 117.01, -9.43, 164.48
2910, 455.57, 411.62, 894.78, 1953.13, -2174.38, -13099.67, 117.01, -9.43, 164.48
2940, 522.95, 435.79, 918.46, 4730.22, -2944.95, -13916.02, 117.01, -9.43, 164.48
2970, 431.64, 431.88, 796.39, 4882.81, 503.54, -12573.24, 117.01, -9.43, 164.48
3000, 389.16, 442.87, 763.67, -816.35, -4127.50, -7789.61, 117.01, -9.43, 164.48
3030, 434.81, 397.95, 758.54, -7904.05, -8255.00, -2868.65, 117.01, -9.43, 164.48
3060, 425.78, 358.40, 700.93, -7972.72, -2586.36, 541.69, 117.01, -9.43, 164.48
3090, 388.18, 385.25, 757.81, -9300.23, -3807.07, 3288.27, 117.01, -9.43, 164.48
3120, 434.57, 378.91, 864.75, -8682.25, -11528.02, 2632.14, 117.01, -9.43, 164.48
3150, 529.30, 400.39, 931.40, -3608.70, -13938.90, 869.75, 117.01, -9.43, 164.48
3180, 585.94, 454.83, 967.29, -5294.80, -7568.36, 2044.68, 117.01, -9.43, 164.48
3210, 605.47, 427.25, 1021.97, -7324.22, 1670.84, 2746.58, 117.01, -9.43, 164.48
3240, 532.71, 389.16, 1037.11, -3578.19, 1213.07, -961.30, -32.43, 14.40, 175.88
3270, 454.59, 377.20, 890.63, -1663.21, -2174.38, -1678.47, -32.43, 14.40, 175.88
3300, 452.64, 318.85, 803.47, -2677.92, -1937.87, 2532.96, -32.43, 14.40, 175.88
3330, 458.98, 284.18, 776.61, -785.83, 9071.35, 4051.21, -32.43, 14.40, 175.88
3360, 304.20, 235.11, 622.56, 679.02, 19409.18, 2029.42, -32.43, 14.40, 175.88
3390, 218.02, 204.83, 664.55, 2487.18, 10429.38, 2868.65, -32.43, 14.40, 175.88
3420, 365.97, 235.11, 820.07, 4440.31, -5340.58, 6752.01, -32.43, 14.40, 175.88
3450, 508.30, 271.24, 897.46, 2922.06, -12573.24, 9429.93, -32.43, 14.40, 175.88
3480, 666.75, 295.41, 1033.45, 747.68, -10307.31, 9872.44, -147.69, 38.03, 81.18
3510, 687.50, 294.43, 1022.46, -1213.07, 205.99, 6546.02, -147.69, 38.03, 81.18
3540, 538.57, 241.21, 865.97, -3685.00, 8461.00, 3150.94, -147.69, 38.03, 81.18
3570, 477.05, 210.21, 918.95, -3852.84, 2571.11, -396.73, -147.69, 38.03, 81.18
3600, 476.81, 227.29, 870.12, -2677.92, -1060.49, -9895.32, -147.69, 38.03, 81.18
3630, 475.83, 236.08, 929.69, -4417.42, -7736.21, -13473.51, -147.69, 38.03, 81.18
3660, 480.22, 232.91, 886.72, -2281.19, -17951.96, -16670.23, -147.69, 38.03, 81.18
3690, 494.63, 231.20, 809.08, -1403.81, -25093.08, -17036.44, -147.69, 38.03, 81.18
3720, 615.97, 250.49, 901.86, 2044.68, -22041.32, -18829.35, -147.69, 38.03, 81.18
3750, 645.75, 310.30, 908.69, 3410.34, -8773.80, -19104.00, -147.69, 38.03, 81.18
3780, 625.73, 315.19, 890.14, 1533.51, 2876.28, -15731.81, -147.69, 38.03, 81.18
3810, 589.84, 313.96, 857.42, 4081.73, 19805.91, -9918.21, -147.69, 38.03, 81.18
3840, 476.07, 316.16, 761.96, 4837.04, 40733.34, -1937.87, -147.69, 38.03, 81.18
3870, 346.44, 303.47, 717.04, 5546.57, 47630.31, 8804.32, -147.69, 38.03, 81.18
3900, 339.84, 338.87, 751.46, 9590.15, 43525.70, 14724.73, -147.69, 38.03, 81.18
3930, 406.49, 366.21, 920.41, 13275.15, 34423.83, 16929.63, -147.69, 38.03, 81.18
3960, 478.52, 398.68, 1036.38, 20050.05, 22521.97, 17333.98, -147.69, 38.03, 81.18
3990, 481.20, 429.44, 916.50, 22453.31, 21453.86, 16891.48, -147.69, 38.03, 81.18
4020, 411.38, 437.50, 856.45, 20133.97, 22163.39, 14678.96, -147.69, 38.03, 81.18
4050, 365.23, 408.94, 800.29, 16334.53, 21095.28, 12840.27, -147.69, 38.03, 81.18
4080, 331.30, 417.72, 794.43, 15899.66, 21072.39, 11611.94, -147.69, 38.03, 81.18
4110, 279.05, 425.05, 805.42, 13221.74, 16044.62, 11016.85, -147.69, 38.03, 81.18
4140, 297.85, 424.56, 824.22, 11108.40, 10833.74, 12359.62, -147.69, 38.03, 81.18
4170, 279.79, 433.59, 802.73, 7186.89, 9506.23, 14259.34, -147.69, 38.03, 81.18
4200, 324.22, 433.11, 865.72, 389.10, 5958.56, 17814.64, -147.69, 38.03, 81.18
4230, 353.03, 407.23, 869.87, -198.36, 2075.20, 16380.31, -147.69, 38.03, 81.18
4260, 408.45, 429.20, 922.85, 129.70, 1678.47, 13946.53, -147.69, 38.03, 81.18
4290, 471.19, 457.28, 1042.24, -1266.48, 389.10, 14633.18, -147.69, 38.03, 81.18
4320, 497.31, 424.56, 1027.83, -648.50, 2548.22, 13633.73, -147.69, 38.03, 81.18
4350, 477.78, 378.66, 983.64, 3807.07, 10116.58, 10307.31, -147.69, 38.03, 81.18
4380, 355.22, 380.62, 829.10, 9178.16, 15708.92, 5905.15, -147.69, 38.03, 81.18
4410, 254.15, 403.08, 743.41, 6980.90, 14930.72, 4180.91, -147.69, 38.03, 81.18
4440, 216.55, 397.71, 704.35, 663.76, 11886.60, 7934.57, -147.69, 38.03, 81.18
4470, 203.61, 366.46, 701.90, -9376.53, 9429.93, 12474.06, -147.69, 38.03, 81.18
4500, 251.71, 308.35, 808.35, -14945.98, 3334.05, 13885.50, -147.69, 38.03, 81.18
4530, 332.28, 265.38, 928.96, -10520.94, -1556.40, 7904.05, -147.69, 38.03, 81.18
4560, 402.59, 316.89, 1019.53, -8850.10, -6561.28, 4997.25, -147.69, 38.03, 81.18
4590, 487.79, 304.93, 1069.82, -12466.43, -3234.86, 4280.09, -147.69, 38.03, 81.18
4620, 398.19, 248.78, 1008.30, -6301.88, 2960.21, -3616.33, -147.69, 38.03, 81.18
4650, 289.55, 290.28, 974.85, -1037.60, -4585.27, -13946.53, -147.69, 38.03, 81.18
4680, 261.47, 335.45, 911.38, -7331.85, -15197.75, -21720.89, -147.69, 38.03, 81.18
4710, 228.76, 299.56, 856.93, -18371.58, -21034.24, -26954.65, -147.69, 38.03, 81.18
4740, 235.11, 262.70, 857.42, -29655.46, -28358.46, -27183.53, -147.69, 38.03, 81.18
4770, 312.74, 192.14, 883.06, -35903.93, -33187.87, -26138.30, -147.69, 38.03, 81.18
4800, 399.90, 135.50, 950.20, -30326.84, -36651.61, -30151.37, -147.69, 38.03, 81.18
4830, 493.90, 140.38, 1012.94, -12931.82, -48141.48, -37971.50, -147.69, 38.03, 81.18
4860, 617.19, 232.91, 935.30, -1274.11, -50155.64, -38101.20, -147.69, 38.03, 81.18
4890, 699.71, 302.98, 953.61, -1106.26, -38169.86, -30586.24, -147.69, 38.03, 81.18
4920, 665.28, 299.32, 885.25, -793.46, -21362.30, -25314.33, -147.69, 38.03, 81.18
4950, 565.19, 303.71, 831.05, -1914.98, -6523.13, -20202.64, -147.69, 38.03, 81.18
4980, 470.21, 302.98, 769.04, -2044.68, 4524.23, -20149.23, -147.69, 38.03, 81.18
5010, 372.80, 325.93, 735.11, -5805.97, 11337.28, -19233.70, -147.69, 38.03, 81.18
5040, 260.50, 293.21, 632.57, -13824.46, 13809.20, -13435.36, -147.69, 38.03, 81.18
5070, 233.15, 256.35, 743.41, -13534.55, -2159.12, -7888.79, -147.69, 38.03, 81.18
5100, 453.13, 323.00, 875.00, -7415.77, -18943.79, -8529.66, -147.69, 38.03, 81.18
5130, 572.02, 375.98, 926.51, -7995.61, -23605.35, -7904.05, -147.69, 38.03, 81.18
5160, 707.76, 408.69, 1004.64, -13366.70, -14747.62, -6362.92, -147.69, 38.03, 81.18
5190, 610.60, 339.84, 1006.84, -13458.25, -1571.66, -6668.09, -147.69, 38.03, 81.18
5220, 585.21, 324.46, 1046.39, -4959.11, -5432.13, -8811.95, -147.69, 38.03, 81.18
5250, 564.94, 338.62, 921.14, 625.61, 2799.99, -8491.52, -147.69, 38.03, 81.18
5280, 376.71, 299.56, 699.95, -1335.14, 25848.39, -3768.92, -147.69, 38.03, 81.18
5310, 129.39, 282.47, 638.18, -5210.88, 28450.01, 4386.90, -147.69, 38.03, 81.18
5340, 294.92, 256.10, 837.40, -19905.09, -8552.55, 23170.47, -147.69, 38.03, 81.18
5370, 716.55, 248.78, 1115.97, -25863.65, -12069.70, 24291.99, -147.69, 38.03, 81.18
5400, 783.20, 190.19, 1175.54, -25932.31, 2891.54, 14877.32, -147.69, 38.03, 81.18
5430, 613.77, 121.58, 978.03, -22163.39, 11428.83, 6706.24, -147.69, 38.03, 81.18
5460, 483.40, 49.07, 913.09, -12680.05, 3166.20, 495.91, -147.69, 38.03, 81.18
5490, 564.94, 59.08, 907.71, 6523.13, 1808.17, -5020.14, -147.69, 38.03, 81.18
5520, 574.22, 225.83, 861.57, 20057.68, 13771.06, -9277.34, -147.69, 38.03, 81.18
5550, 447.02, 325.93, 705.08, 18531.80, 28312.68, -8018.49, -147.69, 38.03, 81.18
5580, 286.87, 342.04, 686.28, 11573.79, 29129.03, -480.65, -147.69, 38.03, 81.18
5610, 290.28, 336.18, 660.16, 2990.72, 25505.07, 3562.93, -147.69, 38.03, 81.18
5640, 278.56, 301.03, 661.62, -5126.95, 18432.62, 4821.78, -147.69, 38.03, 81.18
5670, 516.60, 281.01, 843.02, -11375.43, 15739.44, 6332.40, -147.69, 38.03, 81.18
5700, 562.26, 208.50, 795.41, -9742.74, 33996.58, 2754.21, -147.69, 38.03, 81.18
5730, 333.25, 185.06, 686.77, -4577.64, 26512.15, 2662.66, -147.69, 38.03, 81.18
5760, 388.43, 161.38, 775.63, -4798.89, 9735.11, 8453.37, -147.69, 38.03, 81.18
5790, 505.37, 142.82, 854.74, -9429.93, 16746.52, 17021.18, -147.69, 38.03, 81.18
5820, 251.95, 30.03, 651.61, 434.88, 12214.66, 16616.82, -147.69, 38.03, 81.18
5850, 163.09, 31.01, 397.46, 10925.29, -32226.56, 23071.29, -147.69, 38.03, 81.18
5880, 1028.56, 248.78, 1232.18, 8850.10, -43174.74, 11817.93, -147.69, 38.03, 81.18
5910, 865.23, 363.77, 1224.12, -13778.69, 49514.77, -32005.31, -147.69, 38.03, 81.18
5940, 144.29, 352.29, 1640.38, -7949.83, 31585.69, -72288.52, -147.69, 38.03, 81.18
5970, 75.20, 331.79, 1250.98, 0.00, 14411.93, -77598.57, -147.69, 38.03, 81.18
6000, 2.44, 361.57, 1068.85, -15869.14, 12741.09, -56266.79, -147.69, 38.03, 81.18
6030, -90.09, 155.03, 1017.82, -25665.28, 1197.81, -33615.11, -147.69, 38.03, 81.18
6060, 75.44, 59.81, 883.30, -14198.30, -13504.03, -26176.45, -147.69, 38.03, 81.18
6090, 291.50, 152.34, 913.82, 419.62, -7400.51, -35270.69, -147.69, 38.03, 81.18
6120, 197.27, 242.68, 910.40, 648.50, 20973.21, -43685.91, -147.69, 38.03, 81.18
6150, -212.40, 159.18, 743.41, -7095.34, 34683.23, -39146.42, -147.69, 38.03, 81.18
6180, -463.87, 50.05, 525.39, -7499.69, 8407.59, -30952.45, -147.69, 38.03, 81.18
6210, -395.51, 25.39, 130.37, -3685.00, -18028.26, -19584.66, -147.69, 38.03, 81.18
6240, 50.54, 184.33, 706.05, 8796.69, -66642.76, -5767.82, -147.69, 38.03, 81.18
6270, 1426.27, 657.71, 1908.69, 17707.82, -53253.17, -15159.61, -147.69, 38.03, 81.18
6300, 986.08, 285.89, 1162.60, 6729.13, 41755.68, -24986.27, 148.41, 39.96, -74.66
6330, -112.79, 538.82, 1340.58, 8575.44, 35316.47, -19493.10, 148.41, 39.96, -74.66
6360, 104.98, 609.13, 1361.08, -12130.74, -4043.58, -23933.41, 148.41, 39.96, -74.66
6390, 304.44, 434.57, 1141.60, -30708.31, -7057.19, -33622.74, 148.41, 39.96, -74.66
6420, 19.53, 247.07, 1004.88, -30746.46, -15487.67, -26107.79, 148.41, 39.96, -74.66
6450, 41.26, 215.58, 890.14, -21560.67, -45455.93, -11848.45, 148.41, 39.96, -74.66
6480, 316.41, 263.18, 888.67, -7156.37, -64674.38, -13015.75, 148.41, 39.96, -74.66
6510, 525.15, 344.24, 892.09, 7316.59, -67726.13, -25886.54, 148.41, 39.96, -74.66
6540, 569.82, 467.53, 813.72, 7759.09, -59906.01, -30883.79, 148.41, 39.96, -74.66
6570, 565.92, 497.31, 738.53, -7164.00, -54153.44, -27603.15, 148.41, 39.96, -74.66
6600, 652.83, 401.37, 804.20, -17875.67, -47172.55, -20195.01, 148.41, 39.96, -74.66
6630, 661.62, 286.13, 819.82, -13137.82, -33653.26, -10360.72, 148.41, 39.96, -74.66
6660, 570.07, 238.77, 811.28, -1945.50, -22987.37, 3654.48, 148.41, 39.96, -74.66
6690, 536.87, 204.35, 814.70, 8964.54, -18096.92, 19393.92, 148.41, 39.96, -74.66
6720, 539.06, 162.60, 839.11, 22346.50, -11413.57, 32844.54, 148.41, 39.96, -74.66
6750, 502.69, 157.96, 848.88, 37689.21, -7720.95, 42404.18, 148.41, 39.96, -74.66
6780, 573.73, 241.21, 843.99, 41908.27, -1342.77, 51055.91, 148.41, 39.96, -74.66
6810, 548.10, 254.39, 819.09, 36514.28, 10658.26, 50132.75, 148.41, 39.96, -74.66
6840, 498.29, 273.68, 839.11, 30792.24, 14396.67, 39733.89, 148.41, 39.96, -74.66
6870, 495.36, 304.44, 889.65, 26405.33, 10162.35, 22308.35, 148.41, 39.96, -74.66
6900, 506.35, 339.36, 896.97, 20545.96, 8003.23, 4951.48, 148.41, 39.96, -74.66
6930, 500.98, 329.59, 895.26, 15045.17, 11398.32, -4173.28, 148.41, 39.96, -74.66
6960, 452.88, 330.81, 906.01, 11634.83, 14076.23, -7080.08, 148.41, 39.96, -74.66
6990, 441.65, 325.68, 912.84, 9330.75, 13717.65, -6477.36, 148.41, 39.96, -74.66
7020, 459.23, 294.92, 935.55, 8590.70, 11909.48, -2075.20, 148.41, 39.96, -74.66
7050, 449.46, 273.44, 915.28, 11238.10, 13259.89, 793.46, 148.41, 39.96, -74.66
7080, 391.60, 266.85, 863.28, 14228.82, 11680.60, 877.38, 148.41, 39.96, -74.66
7110, 350.34, 269.04, 810.06, 17395.02, 5577.09, 3158.57, 148.41, 39.96, -74.66
7140, 388.67, 285.64, 814.70, 19325.26, 1281.74, 5157.47, 148.41, 39.96, -74.66
7170, 437.99, 313.23, 826.90, 23231.51, -1258.85, 4371.64, 148.41, 39.96, -74.66
7200, 482.67, 385.50, 837.65, 25177.00, -3158.57, 1693.73, 148.41, 39.96, -74.66
7230, 513.67, 433.35, 841.80, 22621.15, -709.53, 564.58, 148.41, 39.96, -74.66
7260, 467.29, 430.18, 793.21, 18058.78, 1556.40, 3685.00, 148.41, 39.96, -74.66
7290, 464.60, 435.30, 775.15, 12405.40, -999.45, 7568.36, 148.41, 39.96, -74.66
7320, 537.35, 429.93, 826.42, 8163.45, -259.40, 9475.71, 148.41, 39.96, -74.66
7350, 577.64, 435.06, 894.78, 7797.24, 3768.92, 4478.45, 148.41, 39.96, -74.66
7380, 530.27, 458.50, 875.49, 5966.19, 8979.80, -1716.61, 148.41, 39.96, -74.66
7410, 465.33, 442.14, 826.90, -2754.21, 13481.14, -1434.33, 148.41, 39.96, -74.66
7440, 403.56, 379.15, 791.26, -9376.53, 18165.59, 465.39, 148.41, 39.96, -74.66
7470, 347.90, 332.28, 802.25, -12825.01, 18493.65, 2494.81, 148.41, 39.96, -74.66
7500, 362.79, 295.90, 860.84, -11489.87, 14038.09, 1731.87, 148.41, 39.96, -74.66
7530, 369.14, 281.98, 878.42, -4653.93, 8735.66, -1518.25, 148.41, 39.96, -74.66
7560, 388.18, 308.59, 887.94, 1312.26, 4615.78, -2166.75, 148.41, 39.96, -74.66
7590, 395.02, 349.37, 872.07, 755.31, 3585.82, 1419.07, 148.41, 39.96, -74.66
7620, 420.41, 349.37, 891.11, -2525.33, 213.62, 4264.83, 148.41, 39.96, -74.66
7650, 495.36, 358.64, 992.19, -1907.35, -5661.01, 495.91, 148.41, 39.96, -74.66
7680, 573.73, 367.19, 1008.30, 1922.61, -6301.88, -5828.86, 148.41, 39.96, -74.66
7710, 528.56, 374.27, 929.69, 1113.89, -617.98, -4234.31, 148.41, 39.96, -74.66
7740, 454.83, 322.75, 867.43, -1686.10, 1831.05, 2723.69, 148.41, 39.96, -74.66
7770, 446.29, 274.90, 845.70, -785.83, -869.75, 5577.09, 148.41, 39.96, -74.66
7800, 479.74, 263.18, 855.47, 2006.53, -2845.76, 2807.62, 148.41, 39.96, -74.66
7830, 497.31, 269.53, 859.62, 3822.33, -2464.29, -1373.29, 148.41, 39.96, -74.66
7860, 485.11, 283.69, 828.61, 3234.86, 625.61, -2838.13, 148.41, 39.96, -74.66
7890, 452.64, 278.81, 802.49, -991.82, 3494.26, -3059.39, 148.41, 39.96, -74.66
7920, 424.07, 240.23, 813.96, -4417.42, 1602.17, -4867.55, 148.41, 39.96, -74.66
7950, 459.47, 237.79, 845.46, -4783.63, -2845.76, -8247.38, 148.41, 39.96, -74.66
7980, 507.81, 236.33, 892.82, -7247.92, -4020.69, -11291.50, 148.41, 39.96, -74.66
8010, 515.38, 217.53, 889.89, -8079.53, -2288.82, -13938.90, 148.41, 39.96, -74.66
8040, 499.51, 210.21, 886.23, -8346.56, 823.97, -15815.73, 148.41, 39.96, -74.66
8070, 483.15, 208.50, 913.33, -10414.12, 3227.23, -15373.23, 148.41, 39.96, -74.66
8100, 463.13, 173.34, 916.75, -9864.81, 4440.31, -18005.37, 148.41, 39.96, -74.66
8130, 414.06, 177.00, 919.43, -4020.69, 2479.55, -24681.09, 148.41, 39.96, -74.66
8160, 403.56, 245.36, 918.95, -457.76, -5653.38, -26802.06, 148.41, 39.96, -74.66
8190, 467.04, 298.58, 923.58, -4150.39, -7217.41, -23979.19, 148.41, 39.96, -74.66
8220, 428.71, 229.74, 901.12, -8323.67, -6607.06, -20088.20, 148.41, 39.96, -74.66
8250, 459.47, 175.54, 911.62, -823.97, -9040.83, -18249.51, 148.41, 39.96, -74.66
8280, 488.04, 217.29, 906.01, 7591.25, -8369.45, -20423.89, 148.41, 39.96, -74.66
8310, 464.60, 244.38, 857.42, 13275.15, -6011.96, -18211.37, 148.41, 39.96, -74.66
8340, 457.28, 266.85, 823.97, 15396.12, -8468.63, -15998.84, 148.41, 39.96, -74.66
8370, 482.91, 337.89, 824.71, 15663.15, -13298.04, -17753.60, 148.41, 39.96, -74.66
8400, 600.59, 437.26, 928.96, 5332.95, -17799.38, -16944.88, 148.41, 39.96, -74.66
8430, 656.49, 373.05, 947.75, -1487.73, -6164.55, -22209.17, 148.41, 39.96, -74.66
8460, 519.53, 314.21, 891.11, -1457.21, 7575.99, -24757.38, 148.41, 39.96, -74.66
8490, 406.25, 234.38, 848.63, 381.47, 5958.56, -18051.15, 148.41, 39.96, -74.66
8520, 385.74, 248.54, 833.25, 5424.50, -3402.71, -10566.71, 148.41, 39.96, -74.66
8550, 441.16, 279.54, 784.91, 3692.63, -10902.40, -6973.27, 148.41, 39.96, -74.66
8580, 475.34, 286.13, 747.80, 389.10, -13450.62, -9468.08, 148.41, 39.96, -74.66
8610, 502.93, 282.47, 715.82, -6713.87, -8636.47, -10147.09, 148.41, 39.96, -74.66
8640, 501.46, 251.71, 753.66, -13534.55, -3570.56, -10131.84, 148.41, 39.96, -74.66
8670, 551.76, 212.16, 867.43, -14472.96, -3585.82, -13717.65, 148.41, 39.96, -74.66
8700, 684.81, 236.08, 1111.57, -8110.05, -9979.25, -19439.70, 148.41, 39.96, -74.66
8730, 765.14, 328.13, 1117.92, -6240.84, -1594.54, -21492.00, 148.41, 39.96, -74.66
8760, 583.50, 274.90, 963.62, -16662.60, 13870.24, -17181.40, 148.41, 39.96, -74.66
8790, 380.37, 138.92, 875.24, -20324.71, 15632.63, -14625.55, 148.41, 39.96, -74.66
8820, 290.77, 52.49, 823.00, -16326.90, 907.90, -14419.56, 148.41, 39.96, -74.66
8850, 423.58, 43.95, 786.13, -2807.62, -18074.04, -20950.32, 148.41, 39.96, -74.66
8880, 524.90, 154.54, 821.78, -1480.10, -15449.52, -26687.62, 148.41, 39.96, -74.66
8910, 541.02, 194.82, 829.59, -7080.08, -10444.64, -31867.98, 148.41, 39.96, -74.66
8940, 564.94, 208.25, 948.24, -10803.22, -11238.10, -36399.84, 148.41, 39.96, -74.66
8970, 669.68, 209.96, 1065.19, -12374.88, -10086.06, -38391.11, 148.41, 39.96, -74.66
9000, 650.88, 214.84, 1115.48, -13900.76, -5928.04, -38108.82, 148.41, 39.96, -74.66
9030, 574.22, 212.16, 1046.88, -13206.48, -11428.83, -40756.23, 148.41, 39.96, -74.66
9060, 591.06, 204.59, 994.38, -13008.12, -19790.65, -43083.19, 148.41, 39.96, -74.66
9090, 586.18, 189.21, 898.19, -11054.99, -18730.16, -47119.14, 148.41, 39.96, -74.66
9120, 537.84, 172.61, 804.93, -9796.14, -12557.98, -47058.11, 148.41, 39.96, -74.66
9150, 496.34, 166.75, 791.75, -10169.98, -7102.97, -44769.29, 148.41, 39.96, -74.66
9180, 460.21, 164.55, 770.51, -14198.30, -1266.48, -42633.05, 148.41, 39.96, -74.66
9210, 415.53, 119.38, 829.10, -14091.49, 778.20, -42304.99, 148.41, 39.96, -74.66
9240, 359.38, 161.62, 823.49, -10345.46, 1289.37, -43594.36, 148.41, 39.96, -74.66
9270, 320.80, 222.17, 851.07, -12405.40, -6126.40, -42373.66, 148.41, 39.96, -74.66
9300, 451.66, 233.64, 982.91, -15457.15, -17234.80, -38444.52, 148.41, 39.96, -74.66
9330, 606.93, 211.67, 1071.29, -15144.35, -20019.53, -35598.75, 148.41, 39.96, -74.66
9360, 596.68, 162.11, 1025.39, -9658.81, -13015.75, -32562.26, 148.41, 39.96, -74.66
9390, 488.53, 112.30, 875.98, -1289.37, -6217.96, -30258.18, 148.41, 39.96, -74.66
9420, 387.45, 129.64, 800.54, 3868.10, -9696.96, -28060.91, 148.41, 39.96, -74.66
9450, 406.49, 163.82, 826.90, 7209.78, -20645.14, -26824.95, 148.41, 39.96, -74.66
9480, 570.80, 239.26, 887.21, 7835.39, -28800.96, -29640.20, 148.41, 39.96, -74.66
9510, 724.37, 323.97, 987.06, -3105.16, -19897.46, -28137.21, 148.41, 39.96, -74.66
9540, 590.58, 237.79, 931.40, -18394.47, -8918.76, -26863.10, 148.41, 39.96, -74.66
9570, 500.24, 124.27, 875.98, -25154.11, -8422.85, -28823.85, 148.41, 39.96, -74.66
9600, 398.68, 48.58, 801.51, -28678.89, -10986.33, -30860.90, 148.41, 39.96, -74.66
9630, 466.80, 6.10, 898.68, -22163.39, -24200.44, -40985.11, 148.41, 39.96, -74.66
9660, 661.87, 141.36, 1013.92, -13862.61, -25886.54, -51879.88, 148.41, 39.96, -74.66
9690, 668.95, 198.97, 1036.13, -16922.00, -16181.95, -58128.36, 148.41, 39.96, -74.66
9720, 555.91, 161.87, 967.77, -14297.49, -10009.77, -66123.96, 148.41, 39.96, -74.66
9750, 465.58, 187.26, 903.81, -10368.35, -11352.54, -65658.57, 148.41, 39.96, -74.66
9780, 463.62, 218.26, 912.35, -6790.16, -16860.96, -58959.96, 148.41, 39.96, -74.66
9810, 505.62, 274.17, 893.07, -3959.66, -20385.74, -53482.05, 148.41, 39.96, -74.66
9840, 541.99, 300.54, 881.59, -8041.38, -19348.14, -49179.08, 148.41, 39.96, -74.66
9870, 524.41, 290.77, 877.69, -11695.86, -17425.54, -46958.92, 148.41, 39.96, -74.66
9900, 553.22, 300.29, 903.08, -12207.03, -16265.87, -47477.72, 148.41, 39.96, -74.66
9930, 549.07, 309.81, 938.72, -17173.77, -8697.51, -45898.44, 148.41, 39.96, -74.66
9960, 471.92, 225.59, 974.61, -19187.93, -12008.67, -43731.69, 148.41, 39.96, -74.66
9990, 478.03, 185.79, 916.99, -11619.57, -23368.84, -44700.62, 148.41, 39.96, -74.66
10020, 556.64, 239.26, 882.32, -9872.44, -21278.38, -41305.54, 148.41, 39.96, -74.66
10050, 573.73, 227.78, 874.51, -16883.85, -9086.61, -33378.60, 148.41, 39.96, -74.66
10080, 510.74, 124.51, 910.40, -22155.76, -709.53, -28160.10, 148.41, 39.96, -74.66
10110, 392.09, 59.57, 868.41, -20812.99, -1976.01, -29533.39, 148.41, 39.96, -74.66
10140, 332.52, 20.75, 840.58, -15869.14, -12481.69, -34301.76, 148.41, 39.96, -74.66
10170, 390.14, 60.55, 825.93, -10108.95, -20126.34, -37200.93, 148.41, 39.96, -74.66
10200, 425.54, 106.45, 854.25, -12237.55, -26489.26, -33134.46, 148.41, 39.96, -74.66
10230, 544.68, 121.34, 926.76, -10597.23, -33607.48, -35926.82, 148.41, 39.96, -74.66
10260, 727.29, 202.15, 1030.27, -7713.32, -32684.33, -42068.48, 148.41, 39.96, -74.66
10290, 746.34, 278.08, 1068.85, -10078.43, -22964.48, -47340.39, 148.41, 39.96, -74.66
10320, 672.36, 255.86, 1090.33, -15701.29, -21537.78, -48568.73, 148.41, 39.96, -74.66
10350, 636.47, 212.16, 1029.54, -12664.79, -25825.50, -51246.64, 148.41, 39.96, -74.66
10380, 626.95, 224.61, 965.82, -6912.23, -26039.12, -54718.02, 148.41, 39.96, -74.66
10410, 588.62, 270.02, 872.56, -6408.69, -16540.53, -52421.57, 148.41, 39.96, -74.66
10440, 478.76, 268.80, 775.15, -13496.40, -6324.77, -49720.77, 148.41, 39.96, -74.66
10470, 355.22, 190.67, 750.49, -20637.51, -6263.73, -50399.78, 148.41, 39.96, -74.66
10500, 376.46, 138.92, 817.87, -21133.42, -12947.08, -52146.91, 148.41, 39.96, -74.66
10530, 439.45, 147.71, 850.59, -23139.95, -10772.71, -53504.95, 148.41, 39.96, -74.66
10560, 337.16, 109.62, 832.76, -23551.94, -13160.71, -55984.50, 148.41, 39.96, -74.66
10590, 479.98, 218.51, 882.81, -14694.21, -31837.46, -63674.93, 148.41, 39.96, -74.66
10620, 564.21, 283.45, 947.51, -22926.33, -26245.12, -57540.89, 148.41, 39.96, -74.66
10650, 577.39, 217.77, 1024.66, -29327.39, -23872.38, -54275.51, 148.41, 39.96, -74.66
10680, 629.15, 179.93, 1079.10, -26405.33, -22964.48, -57601.93, 148.41, 39.96, -74.66
10710, 569.82, 161.13, 1036.13, -25146.48, -14801.03, -58174.13, 148.41, 39.96, -74.66
10740, 449.95, 112.06, 980.96, -20446.78, -14724.73, -60798.64, 148.41, 39.96, -74.66
10770, 438.23, 144.29, 991.94, -10124.21, -29769.90, -63552.86, 148.41, 39.96, -74.66
10800, 541.02, 223.39, 917.48, -7423.40, -32623.29, -59494.02, 148.41, 39.96, -74.66
10830, 571.04, 238.53, 942.63, -7598.88, -27442.93, -53833.01, 148.41, 39.96, -74.66
10860, 559.57, 266.85, 912.11, -5630.49, -24383.54, -53222.66, 148.41, 39.96, -74.66
10890, 533.45, 276.12, 868.90, -8880.62, -20454.41, -51849.37, 148.41, 39.96, -74.66
10920, 533.94, 264.89, 900.63, -12138.37, -17089.84, -50392.15, 148.41, 39.96, -74.66
10950, 531.98, 285.40, 916.26, -11253.36, -13313.29, -54031.37, 148.41, 39.96, -74.66
10980, 522.71, 333.74, 928.47, -13198.85, -9574.89, -57624.82, 148.41, 39.96, -74.66
11010, 432.86, 332.28, 851.07, -20195.01, -2861.02, -54466.25, 148.41, 39.96, -74.66
11040, 308.84, 259.52, 792.24, -27107.24, -5767.82, -50483.70, 148.41, 39.96, -74.66
11070, 264.89, 173.34, 784.18, -24032.59, -18119.81, -49919.13, 148.41, 39.96, -74.66
11100, 367.19, 190.19, 838.13, -15487.67, -35202.03, -47286.99, 148.41, 39.96, -74.66
11130, 557.37, 270.51, 916.99, -13206.48, -37628.17, -40260.32, 148.41, 39.96, -74.66
11160, 634.28, 284.18, 988.04, -14122.01, -30067.44, -36552.43, 148.41, 39.96, -74.66
11190, 558.84, 294.19, 896.00, -19081.12, -17089.84, -32783.51, 148.41, 39.96, -74.66
11220, 454.83, 212.65, 880.62, -27442.93, -16502.38, -28198.24, 148.41, 39.96, -74.66
11250, 469.73, 130.13, 908.69, -26046.75, -25161.74, -29724.12, 148.41, 39.96, -74.66
11280, 570.07, 145.51, 953.13, -19866.94, -30357.36, -35049.44, 148.41, 39.96, -74.66
11310, 660.64, 203.86, 1044.43, -18997.19, -27137.76, -37979.13, 148.41, 39.96, -74.66
11340, 650.88, 177.49, 1027.10, -19332.89, -20820.62, -43243.41, 148.41, 39.96, -74.66
11370, 559.33, 149.17, 951.90, -13587.95, -17341.61, -50239.56, 148.41, 39.96, -74.66
11400, 449.22, 183.11, 822.51, -10009.77, -17234.80, -52726.75, 148.41, 39.96, -74.66
11430, 391.36, 199.95, 783.45, -10894.78, -22727.97, -49949.64, 148.41, 39.96, -74.66
11460, 443.12, 209.23, 785.64, -12901.31, -28289.79, -47302.25, 148.41, 39.96, -74.66
11490, 510.74, 197.51, 844.97, -16296.39, -29167.18, -44197.08, 148.41, 39.96, -74.66
11520, 592.53, 194.09, 914.55, -17570.50, -22865.29, -43487.55, 148.41, 39.96, -74.66
11550, 538.33, 206.05, 906.25, -20828.25, -14015.20, -41923.52, 148.41, 39.96, -74.66
11580, 460.45, 189.21, 916.99, -21224.98, -13504.03, -42076.11, 148.41, 39.96, -74.66
11610, 449.95, 234.62, 947.75, -19531.25, -16403.20, -41389.46, 148.41, 39.96, -74.66
11640, 422.85, 258.54, 924.32, -21247.86, -19767.76, -34469.61, 148.41, 39.96, -74.66
11670, 447.75, 240.72, 922.12, -17822.27, -26123.05, -30715.94, 148.41, 39.96, -74.66
11700, 557.62, 277.83, 946.29, -10147.09, -24948.12, -29411.32, 148.41, 39.96, -74.66
11730, 539.55, 329.83, 890.14, -11291.50, -11764.53, -24780.27, 148.41, 39.96, -74.66
11760, 445.07, 304.93, 831.79, -18882.75, -3685.00, -18028.26, 148.41, 39.96, -74.66
11790, 420.90, 199.95, 831.79, -21507.26, -6484.99, -13214.11, 148.41, 39.96, -74.66
11820, 478.52, 129.88, 866.46, -16387.94, -14709.47, -7011.41, 148.41, 39.96, -74.66
11850, 594.73, 109.62, 912.84, -7240.30, -23223.88, -1808.17, 148.41, 39.96, -74.66
11880, 652.34, 151.37, 857.67, 991.82, -27297.97, 907.90, 148.41, 39.96, -74.66
11910, 683.35, 182.13, 785.64, 5737.30, -31372.07, 1579.28, 148.41, 39.96, -74.66
11940, 777.34, 259.28, 757.32, 2807.62, -22781.37, -961.30, 148.41, 39.96, -74.66
11970, 763.67, 229.25, 756.10, -2723.69, -11177.06, -5859.38, 148.41, 39.96, -74.66
12000, 654.30, 197.75, 695.31, 1670.84, -2288.82, -13725.28, 148.41, 39.96, -74.66
12030, 578.13, 276.12, 713.62, 4280.09, 503.54, -17181.40, 148.41, 39.96, -74.66
12060, 557.13, 339.11, 760.99, -1869.20, -5035.40, -15388.49, 148.41, 39.96, -74.66
12090, 615.97, 291.02, 871.34, -7675.17, -14076.23, -12886.05, 148.41, 39.96, -74.66
12120, 679.69, 236.33, 937.50, -5043.03, -22010.80, -13626.10, 148.41, 39.96, -74.66
12150, 723.63, 221.44, 957.52, 526.43, -29655.46, -16174.32, 148.41, 39.96, -74.66
12180, 727.29, 219.48, 909.18, 6439.21, -35888.67, -19943.24, 148.41, 39.96, -74.66
12210, 775.88, 249.27, 843.75, 8728.03, -32485.96, -20896.91, 148.41, 39.96, -74.66
12240, 786.38, 295.41, 835.45, -61.04, -18844.61, -16609.19, 148.41, 39.96, -74.66
12270, 681.40, 224.85, 775.39, -9071.35, -6584.17, -19851.68, 148.41, 39.96, -74.66
12300, 600.10, 170.65, 776.12, -9155.27, -228.88, -29411.32, 148.41, 39.96, -74.66
12330, 605.96, 250.73, 828.37, -8232.12, 4776.00, -38696.29, 148.41, 39.96, -74.66
12360, 531.74, 276.86, 818.12, -18211.37, 13977.05, -38864.14, 148.41, 39.96, -74.66
12390, 433.59, 236.57, 798.10, -26298.52, 18692.02, -37506.10, 148.41, 39.96, -74.66
12420, 390.87, 207.76, 851.81, -28968.81, 14831.54, -33782.96, 148.41, 39.96, -74.66
12450, 351.56, 183.84, 781.74, -29396.06, 5126.95, -28648.38, 148.41, 39.96, -74.66
12480, 438.23, 189.45, 843.51, -21644.59, -10513.31, -27771.00, 148.41, 39.96, -74.66
12510, 573.97, 272.46, 838.13, -14114.38, -14312.74, -28045.65, 148.41, 39.96, -74.66
12540, 658.45, 354.00, 918.21, -17608.64, -14389.04, -20202.64, 148.41, 39.96, -74.66
12570, 778.08, 330.57, 1036.62, -20256.04, -10169.98, -11795.04, 148.41, 39.96, -74.66
12600, 730.47, 267.82, 942.87, -11581.42, 2624.51, -9674.07, 148.41, 39.96, -74.66
12630, 616.21, 272.46, 863.77, -6584.17, 7568.36, -7438.66, 148.41, 39.96, -74.66
12660, 522.46, 295.17, 808.11, -1998.90, 4280.09, -2006.53, 148.41, 39.96, -74.66
12690, 516.85, 287.11, 752.44, 6973.27, -5706.79, -1754.76, 148.41, 39.96, -74.66
12720, 551.76, 344.24, 716.55, 20034.79, -13648.99, -4356.38, 148.41, 39.96, -74.66
12750, 657.47, 467.77, 790.53, 23681.64, -16738.89, -1838.68, 148.41, 39.96, -74.66
12780, 699.71, 501.71, 756.35, 19866.94, -10246.28, -305.18, -55.36, 59.32, 147.12
12810, 583.25, 477.29, 668.21, 12786.87, -2540.59, 1594.54, -55.36, 59.32, 147.12
12840, 491.94, 428.96, 625.24, 6599.43, -6660.46, 3479.00, -55.36, 59.32, 147.12
12870, 510.74, 400.15, 703.13, 38.15, -10971.07, 1075.74, -55.36, 59.32, 147.12
12900, 545.17, 405.27, 781.98, -4028.32, -12367.25, -2014.16, -55.36, 59.32, 147.12
12930, 565.19, 476.32, 794.19, -13916.02, -15129.09, -83.92, -55.36, 59.32, 147.12
12960, 586.91, 444.58, 826.66, -28137.21, -12634.28, 4219.06, -55.36, 59.32, 147.12
12990, 622.80, 374.76, 841.31, -32615.66, -4791.26, 3929.14, -55.36, 59.32, 147.12
13020, 614.26, 308.35, 825.20, -33393.86, 6385.80, 3356.93, -55.36, 59.32, 147.12
13050, 534.42, 229.00, 770.51, -26924.13, 18653.87, 2593.99, -55.36, 59.32, 147.12
13080, 459.47, 221.19, 749.76, -14793.40, 25886.54, -518.80, -55.36, 59.32, 147.12
13110, 461.43, 227.29, 831.79, -1281.74, 23071.29, -3387.45, -55.36, 59.32, 147.12
13140, 482.67, 273.44, 809.33, 6553.65, 18661.50, 450.13, -55.36, 59.32, 147.12
13170, 465.09, 278.56, 755.37, -251.77, 15190.13, 14656.07, -55.36, 59.32, 147.12
13200, 568.60, 212.40, 851.32, -595.09, 9689.33, 22697.45, -55.36, 59.32, 147.12
13230, 609.38, 189.94, 880.62, 10925.29, 3448.49, 17242.43, -55.36, 59.32, 147.12
13260, 699.22, 281.49, 960.45, 13320.92, -4539.49, 16166.69, -55.36, 59.32, 147.12
13290, 707.52, 290.28, 936.52, 9307.86, -4142.76, 12535.10, -55.36, 59.32, 147.12
13320, 598.88, 241.21, 805.18, 10375.98, -7225.04, 5325.32, -55.36, 59.32, 147.12
13350, 612.06, 222.90, 791.26, 14289.86, -15190.13, 1899.72, -55.36, 59.32, 147.12
13380, 682.37, 265.63, 807.37, 12702.94, -11802.67, 5279.54, -55.36, 59.32, 147.12
13410, 629.64, 258.54, 784.91, 5500.79, -4692.08, 8850.10, -55.36, 59.32, 147.12
13440, 593.26, 219.48, 815.92, 7125.85, -7690.43, 3158.57, -55.36, 59.32, 147.12
13470, 596.92, 260.99, 810.55, 10925.29, -10650.63, -7476.81, -55.36, 59.32, 147.12
13500, 648.68, 328.61, 855.22, 5783.08, -8560.18, -13717.65, -55.36, 59.32, 147.12
13530, 609.62, 302.25, 842.04, 770.57, -1701.35, -19081.12, -55.36, 59.32, 147.12
13560, 517.58, 277.10, 809.57, 3051.76, 465.39, -25276.18, -55.36, 59.32, 147.12
13590, 548.58, 354.25, 823.73, 3196.72, 823.97, -27336.12, -55.36, 59.32, 147.12
13620, 531.49, 389.65, 789.79, -7720.95, 10719.30, -23475.65, -55.36, 59.32, 147.12
13650, 480.71, 328.37, 859.13, -17883.30, 18440.25, -19638.06, -55.36, 59.32, 147.12
13680, 412.60, 270.51, 884.77, -16510.01, 19905.09, -20729.06, -55.36, 59.32, 147.12
13710, 406.98, 303.22, 846.44, -14205.93, 17585.75, -19157.41, -55.36, 59.32, 147.12
13740, 378.66, 305.42, 775.88, -17105.10, 20469.67, -12962.34, -55.36, 59.32, 147.12
13770, 365.97, 288.33, 811.77, -17951.96, 14663.70, -7110.60, -55.36, 59.32, 147.12
13800, 437.50, 290.04, 872.56, -9872.44, 808.72, -7400.51, -55.36, 59.32, 147.12
13830, 583.98, 341.80, 911.38, 6050.11, -7469.18, -13847.35, -55.36, 59.32, 147.12
13860, 644.53, 492.43, 907.71, 8575.44, -7301.33, -10559.08, -55.36, 59.32, 147.12
13890, 619.87, 487.55, 858.40, -6095.89, -5874.63, 198.36, -55.36, 59.32, 147.12
13920, 599.37, 368.65, 813.48, -6500.24, -7591.25, 259.40, -55.36, 59.32, 147.12
13950, 585.45, 359.38, 763.92, -732.42, -2616.88, -2105.71, -55.36, 59.32, 147.12
13980, 567.14, 365.97, 821.04, -2967.83, 633.24, -976.56, -55.36, 59.32, 147.12
14010, 535.64, 301.76, 833.50, 518.80, 3570.56, -2853.39, -55.36, 59.32, 147.12
14040, 448.97, 300.78, 746.83, 8827.21, 6958.01, -7049.56, -55.36, 59.32, 147.12
14070, 385.01, 355.47, 751.71, 8941.65, 7766.72, -9696.96, -55.36, 59.32, 147.12
14100, 377.69, 396.00, 820.07, 9346.01, -6187.44, -18135.07, -55.36, 59.32, 147.12
14130, 386.47, 454.10, 808.59, 6584.17, -6202.70, -13702.39, -55.36, 59.32, 147.12
14160, 487.30, 480.22, 872.80, -1708.98, -8415.22, -2227.78, -55.36, 59.32, 147.12
14190, 637.21, 444.34, 948.49, -10879.52, -152.59, 7141.11, -55.36, 59.32, 147.12
14220, 621.83, 347.41, 952.64, -20149.23, 16326.90, 11894.23, -55.36, 59.32, 147.12
14250, 424.32, 197.75, 835.45, -23376.46, 21873.47, 9986.88, -55.36, 59.32, 147.12
14280, 349.37, 98.63, 779.54, -19294.74, 11962.89, 3852.84, -55.36, 59.32, 147.12
14310, 421.39, 75.20, 824.22, -8171.08, 1129.15, -3799.44, -55.36, 59.32, 147.12
14340, 493.65, 145.26, 823.73, 923.16, 122.07, -10452.27, -55.36, 59.32, 147.12
14370, 585.69, 276.12, 969.97, 4409.79, -2281.19, -15335.08, -55.36, 59.32, 147.12
14400, 581.30, 301.03, 910.89, -106.81, 4364.01, -17051.70, -55.36, 59.32, 147.12
14430, 542.97, 278.08, 928.22, 564.58, 5966.19, -18882.75, -55.36, 59.32, 147.12
14460, 532.96, 308.59, 959.23, 6645.20, -1457.21, -21652.22, -55.36, 59.32, 147.12
14490, 660.16, 364.50, 1081.54, 7072.45, -11802.67, -18760.68, -55.36, 59.32, 147.12
14520, 694.34, 383.30, 1034.91, -15.26, -8560.18, -13839.72, -55.36, 59.32, 147.12
14550, 558.59, 316.65, 904.54, -15800.48, -320.43, -3578.19, -55.36, 59.32, 147.12
14580, 440.19, 168.21, 770.02, -22003.17, 3273.01, -2037.05, -55.36, 59.32, 147.12
14610, 368.16, 61.28, 709.23, -12519.84, 2601.62, -12084.96, -55.36, 59.32, 147.12
14640, 355.47, 105.22, 718.26, 2944.95, -3059.39, -22232.05, -55.36, 59.32, 147.12
14670, 468.02, 279.79, 785.64, 2250.67, -274.66, -24261.47, -55.36, 59.32, 147.12
14700, 474.37, 305.42, 834.96, -5790.71, 17189.03, -27244.57, -55.36, 59.32, 147.12
14730, 399.17, 320.56, 894.78, -5859.38, 31044.01, -30197.14, -55.36, 59.32, 147.12
14760, 318.12, 372.56, 962.65, -6919.86, 27236.94, -24681.09, -55.36, 59.32, 147.12
14790, 408.45, 370.61, 1041.02, -4837.04, 15815.73, -16540.53, -55.36, 59.32, 147.12
14820, 474.85, 388.67, 1045.90, 7431.03, 18959.04, -9399.41, -55.36, 59.32, 147.12
14850, 342.77, 490.48, 874.76, 6576.54, 19996.64, 4638.67, -55.36, 59.32, 147.12
14880, 257.81, 442.63, 713.62, -3692.63, 10498.05, 20668.03, -55.36, 59.32, 147.12
14910, 285.40, 325.93, 639.65, -3433.23, -4325.87, 29731.75, -55.36, 59.32, 147.12
14940, 373.78, 299.07, 589.60, 6385.80, -13046.26, 27397.16, -55.36, 59.32, 147.12
14970, 498.29, 396.97, 850.83, 11573.79, -17356.87, 18295.29, -55.36, 59.32, 147.12
15000, 487.06, 439.70, 939.21, 9948.73, -13275.15, 10017.39, -55.36, 59.32, 147.12
