30, -75.99, -176.27, 1189.27, -34568.79, -28678.89, -53901.67, -130.88, 12.34, 153.71
60, -241.94, -272.40, 1178.34, -13404.85, -20912.17, -45288.09, -130.87, 12.38, 153.69
90, -233.76, -246.89, 1148.68, -12756.35, -30090.33, -46142.58, -130.87, 12.38, 153.69
120, -145.14, -229.80, 1174.87, -8590.70, -34042.36, -47973.63, -130.87, 12.38, 153.69
150, -60.06, -165.53, 1178.83, -5760.19, -31318.66, -48202.52, -130.87, 12.39, 153.68
180, -93.87, -262.15, 1195.98, -1380.92, -27130.13, -35987.86, 113.56, -26.45, 140.13
210, -49.93, -196.53, 1145.81, 7781.98, -26939.39, -22842.41, 113.56, -26.45, 140.13
240, -47.67, -149.78, 1146.36, 6881.71, -32554.63, -22476.20, 113.56, -26.45, 140.13
270, -49.38, -255.55, 1216.98, 8178.71, -33668.52, -22285.46, 113.56, -26.45, 140.13
300, -40.22, -241.58, 1245.18, 13847.35, -37109.38, -12741.09, 113.59, -26.46, 140.14
330, -86.73, -265.75, 1135.99, 13481.14, -40359.50, 6034.85, 93.26, 35.03, -142.71
360, 2.50, -258.97, 1139.22, 14335.63, -43144.23, 6698.61, 93.26, 35.03, -142.71
390, 22.16, -209.41, 1062.44, 14053.34, -39047.24, -8720.40, 93.26, 35.03, -142.71
420, -68.12, -251.16, 1021.61, 6828.31, -39604.19, -13961.79, 93.26, 35.03, -142.71
450, -80.81, -317.75, 997.19, 572.20, -42930.60, -16372.68, 93.28, 35.04, -142.68
480, 51.15, -247.38, 1047.00, 2967.83, -42716.98, -29502.87, -72.88, 25.38, 161.30
510, 17.58, -198.67, 1044.31, -183.11, -38604.73, -39352.42, -72.88, 25.38, 161.30
540, -1.95, -245.30, 1078.98, -7072.45, -36682.13, -42289.73, -72.88, 25.38, 161.30
570, 44.86, -283.08, 1089.97, -2601.62, -37811.28, -47027.59, -72.88, 25.38, 161.30
600, 76.84, -171.39, 1117.07, 1533.51, -38093.57, -58601.38, -72.89, 25.41, 161.30
630, 84.84, -148.32, 1155.33, -8842.47, -36064.15, -55587.77, 155.48, -4.15, 160.64
660, 66.04, -236.08, 1100.28, -10910.03, -33378.60, -49682.62, 155.48, -4.15, 160.64
690, -20.51, -214.36, 1021.91, -2304.08, -35064.70, -57456.97, 155.48, -4.15, 160.64
720, -47.36, -103.09, 1031.86, 3265.38, -44914.25, -69686.89, 155.48, -4.15, 160.64
750, 87.16, -72.27, 1022.58, -3799.44, -51994.32, -66070.55, 155.48, -4.15, 160.64
780, 138.06, -114.62, 960.75, -7377.62, -48217.77, -58906.55, 155.50, -4.16, 160.66
810, 164.67, -74.04, 956.42, -7194.52, -36674.50, -59783.94, 135.55, 37.35, -100.01
840, 160.89, -14.04, 981.45, -14808.65, -32371.52, -60157.78, 135.55, 37.35, -100.01
870, 173.83, -3.54, 981.75, -26817.32, -26817.32, -62812.80, 135.55, 37.35, -100.01
900, 128.66, -25.76, 1029.24, -35202.03, -19897.46, -72105.41, 135.55, 37.35, -100.01
930, -76.11, -42.79, 1036.68, -40100.10, -21453.86, -84846.50, 135.56, 37.34, -99.97
960, -42.24, 59.14, 1153.81, -45837.40, -35537.72, -90148.92, -42.91, 35.69, 165.78
990, 31.19, 57.86, 1149.11, -50376.89, -40489.20, -87654.12, -42.91, 35.69, 165.78
1020, 123.41, 46.63, 1177.25, -53352.36, -39596.56, -81527.71, -42.91, 35.69, 165.78
1050, 140.14, 36.44, 1179.26, -53932.19, -30181.88, -74760.44, -42.91, 35.69, 165.78
1080, 51.64, -27.22, 1144.71, -52909.85, -20362.85, -65124.51, -42.91, 35.69, 165.78
1110, -58.23, -117.98, 1136.90, -46600.34, -17730.71, -53588.87, -42.91, 35.72, 165.78
1140, -118.16, -106.69, 1075.87, -33226.01, -19012.45, -46417.23, 177.68, -0.38, 156.06
1170, -122.68, -87.89, 1044.68, -27893.07, -17852.78, -39459.23, 177.68, -0.38, 156.06
1200, -131.47, -104.19, 1006.77, -27511.60, -19264.22, -29350.28, 177.68, -0.38, 156.06
1230, -82.21, -149.66, 1025.88, -29945.37, -25215.15, -19195.56, 177.68, -0.38, 156.06
1260, -35.10, -205.32, 982.30, -30563.36, -31982.42, -17776.49, 177.69, -0.38, 156.06
1290, 112.79, -169.68, 961.61, -28015.14, -45364.38, -34988.40, 167.91, 11.06, -92.41
1320, 225.04, -123.41, 954.35, -31318.66, -46211.24, -42472.84, 167.91, 11.06, -92.41
1350, 344.54, -198.49, 1033.14, -40626.53, -31105.04, -43510.44, 167.91, 11.06, -92.41
1380, 270.02, -223.51, 1011.47, -37361.14, -19104.00, -42198.18, 167.88, 11.04, -92.38
1410, 179.38, -233.22, 1044.01, -27191.16, -9223.94, -39459.23, 70.89, 31.45, -157.10
1440, 231.08, -187.50, 1113.40, -20347.60, -2685.55, -39283.75, 70.89, 31.45, -157.10
1470, 98.21, -180.30, 1071.23, -17051.70, 10772.71, -35308.84, 70.89, 31.45, -157.10
1500, -18.80, -209.66, 1104.00, -15319.82, 14251.71, -36415.10, 70.89, 31.45, -157.10
1530, -86.55, -217.16, 1132.51, -11955.26, 12046.81, -39840.70, 70.89, 31.45, -157.10
1560, -53.04, -159.36, 1230.47, -9216.31, 2960.21, -40161.13, 70.91, 31.47, -157.08
1590, -112.30, -159.42, 1158.08, -16334.53, -4325.87, -36735.54, -114.42, 8.53, 166.93
1620, -117.31, -208.19, 1151.06, -21903.99, -17433.17, -36682.13, -114.42, 8.53, 166.93
1650, -27.59, -232.06, 1048.34, -26916.50, -27824.40, -48713.68, -114.42, 8.53, 166.93
1680, 44.68, -239.50, 1056.09, -31349.18, -28144.84, -52871.70, -114.42, 8.53, 166.93
1710, 42.18, -278.99, 1033.57, -31990.05, -27244.57, -53878.79, -114.42, 8.54, 166.92
1740, 64.09, -287.35, 1049.74, -26947.02, -27275.09, -55686.95, 149.68, -7.74, 151.49
1770, 72.33, -281.56, 1037.05, -24116.52, -25344.85, -55747.98, 149.68, -7.74, 151.49
1800, 70.37, -287.17, 1056.76, -20431.52, -25611.88, -57052.61, 149.68, -7.74, 151.49
1830, 78.49, -282.41, 1063.35, -12695.31, -31707.76, -61592.10, 149.68, -7.74, 151.49
1860, 142.52, -240.66, 1064.21, -7728.58, -31150.82, -64750.67, 149.70, -7.75, 151.50
1890, 145.45, -121.15, 1088.07, -6217.96, -26023.87, -67413.33, 144.40, 27.36, -104.71
1920, 86.85, -79.77, 1075.44, -10253.91, -23567.20, -68489.08, 144.40, 27.36, -104.71
1950, 97.90, -50.35, 1131.96, -15457.15, -24559.02, -68077.09, 144.40, 27.36, -104.71
1980, 82.15, -52.43, 1098.75, -21095.28, -23811.34, -67337.04, 144.40, 27.36, -104.71
2010, 43.95, -58.84, 1113.40, -27175.90, -23223.88, -66085.81, 144.40, 27.36, -104.71
2040, 51.70, -53.10, 1109.01, -30479.43, -21995.54, -64048.77, 144.41, 27.35, -104.67
2070, 14.59, -61.52, 1108.28, -33676.15, -17257.69, -64994.81, 2.30, 38.37, -179.01
2100, -44.19, -85.57, 1118.84, -33500.67, -14656.07, -65322.88, 2.30, 38.37, -179.01
2130, -107.18, -86.12, 1125.92, -31608.58, -15541.08, -63911.44, 2.30, 38.37, -179.01
2160, -112.67, -58.41, 1113.40, -30731.20, -17105.10, -61454.77, 2.30, 38.37, -179.01
2190, -95.52, -67.26, 1121.95, -32119.75, -20782.47, -55175.78, 2.31, 38.40, -178.99
2220, -56.64, -81.48, 1093.51, -30548.10, -24635.31, -50041.20, -154.08, 6.90, 151.27
2250, -7.93, -70.92, 1101.01, -29884.34, -25962.83, -46775.82, -154.08, 6.90, 151.27
2280, 13.31, -89.05, 1060.00, -31173.71, -20957.95, -42930.60, -154.08, 6.90, 151.27
2310, -29.97, -133.91, 1041.02, -32081.60, -17135.62, -38711.55, -154.08, 6.90, 151.27
2340, -17.64, -154.91, 1055.36, -31333.92, -16433.71, -34957.89, -154.08, 6.90, 151.27
2370, 69.46, -155.27, 1093.57, -32402.04, -13237.00, -30921.94, -154.07, 6.89, 151.26
2400, 4.52, -211.49, 1099.12, -34477.23, -12329.10, -29243.47, -69.73, -66.44, -131.40
2430, -41.56, -274.41, 1086.55, -34751.89, -16059.88, -28175.35, -69.73, -66.44, -131.40
2460, -20.32, -318.66, 1088.81, -32096.86, -23582.46, -28366.09, -69.73, -66.44, -131.40
2490, 72.02, -328.67, 1088.81, -26206.97, -33302.31, -30776.98, -69.73, -66.44, -131.40
2520, 256.84, -262.33, 1064.39, -22933.96, -32783.51, -32463.07, -69.83, -66.47, -131.30
2550, 280.64, -279.48, 1061.58, -23483.28, -27153.02, -32768.25, -178.02, 0.45, 160.04
2580, 270.02, -281.31, 1036.01, -21690.37, -17456.05, -38017.27, -178.02, 0.45, 160.04
2610, 195.25, -271.97, 1039.12, -19783.02, -9971.62, -46188.36, -178.02, 0.45, 160.04
2640, 66.28, -261.29, 1036.25, -19493.10, -5455.02, -52062.99, -178.02, 0.45, 160.04
2670, -51.76, -244.51, 1066.71, -19714.36, -5088.81, -54977.42, -178.00, 0.45, 160.05
2700, -120.48, -220.76, 1100.71, -20332.34, -9002.69, -55618.29, 171.01, 35.79, -25.71
2730, -106.20, -204.16, 1141.24, -21034.24, -15541.08, -56678.77, 171.01, 35.79, -25.71
2760, -118.10, -224.79, 1116.15, -22575.38, -19920.35, -56137.09, 171.01, 35.79, -25.71
2790, -70.19, -253.17, 1154.42, -24307.25, -24414.06, -53688.05, 171.01, 35.79, -25.71
2820, 13.37, -252.44, 1187.19, -23147.58, -28671.27, -54779.05, 171.01, 35.79, -25.71
2850, 23.44, -226.26, 1154.11, -20584.11, -30082.70, -59669.50, 171.00, 35.77, -25.69
2880, 90.52, -196.66, 1146.36, -19187.93, -34828.19, -60249.33, -111.46, 35.92, 129.58
2910, 68.36, -208.44, 1113.10, -21720.89, -31372.07, -54405.21, -111.46, 35.92, 129.58
2940, 88.13, -246.64, 1093.32, -22544.86, -30540.47, -52864.07, -111.46, 35.92, 129.58
2970, 113.10, -237.06, 1102.72, -22842.41, -22453.31, -52406.31, -111.47, 35.94, 129.55
3000, 10.86, -249.63, 1108.40, -26100.16, -11543.27, -58059.69, 84.12, -24.78, 157.37
3030, -36.74, -238.04, 1161.25, -23384.09, -12039.18, -67054.75, 84.12, -24.78, 157.37
3060, 36.13, -160.03, 1177.06, -22842.41, -14183.04, -66658.02, 84.12, -24.78, 157.37
3090, -166.26, -173.28, 1077.33, -19927.98, -13221.74, -67970.27, 84.14, -24.77, 157.38
3120, -232.91, -112.43, 1046.57, -16654.97, -25856.02, -67039.49, -167.16, 80.36, 15.85
3150, -13.55, -70.92, 1036.80, -19844.05, -32958.98, -60943.60, -167.16, 80.36, 15.85
3180, 1.83, -104.37, 1001.16, -23109.44, -22689.82, -54794.31, -167.16, 80.36, 15.85
3210, -9.28, -94.91, 1072.02, -21369.93, -20736.70, -54351.80, -167.27, 80.33, 15.74
3240, 99.18, -58.17, 1077.64, -22789.00, -17089.84, -52345.28, -174.50, 1.24, 156.91
3270, 62.38, -100.65, 1153.81, -25276.18, -10963.44, -48591.61, -174.50, 1.24, 156.91
3300, 1.10, -89.42, 1177.98, -21049.50, -12756.35, -51910.40, -174.50, 1.24, 156.91
3330, -17.94, -77.15, 1168.03, -18310.55, -16342.16, -53085.33, -174.48, 1.24, 156.91
3360, -7.75, -77.15, 1164.73, -18051.15, -20057.68, -48210.14, -175.30, -7.09, -73.15
3390, -63.90, -71.66, 1088.26, -18318.18, -23300.17, -47409.06, -175.30, -7.09, -73.15
3420, 14.53, -38.64, 1086.49, -22323.61, -28053.28, -49240.11, -175.30, -7.09, -73.15
3450, 2.50, -98.69, 1081.91, -32905.58, -21278.38, -45433.04, -175.34, -7.09, -73.11
3480, -161.13, -202.58, 1112.00, -36384.58, -19744.87, -37490.84, 100.63, 5.82, -172.92
3510, -160.52, -237.79, 1172.36, -34339.91, -32325.74, -33325.20, 100.63, 5.82, -172.92
3540, -6.10, -247.07, 1252.69, -29945.37, -48744.20, -34393.31, 100.63, 5.82, -172.92
3570, 194.40, -228.27, 1282.10, -28442.38, -41564.94, -37284.85, 100.64, 5.83, -172.90
3600, -137.02, -260.80, 1151.12, -23284.91, -36102.30, -46287.54, -86.19, 23.87, 157.84
3630, -80.69, -205.93, 1112.85, -20050.05, -53031.92, -54763.79, -86.19, 23.87, 157.84
3660, 120.67, -159.55, 1010.74, -23971.56, -52841.19, -60462.95, -86.19, 23.87, 157.84
3690, 44.31, -194.58, 932.98, -27793.88, -40031.43, -59967.04, -86.19, 23.87, 157.84
3720, 72.81, -187.26, 960.88, -27160.64, -34492.49, -60104.37, -86.19, 23.89, 157.83
3750, 231.45, -146.97, 1052.12, -25680.54, -30364.99, -61233.52, 125.38, -5.82, 168.63
3780, 232.42, -114.07, 1041.63, -27061.46, -8453.37, -56861.88, 125.38, -5.82, 168.63
3810, -12.02, -156.25, 1098.08, -32676.70, 6134.03, -52627.56, 125.38, -5.82, 168.63
3840, -55.42, -162.60, 1228.58, -29785.16, 450.13, -59127.81, 125.40, -5.82, 168.65
3870, -92.29, -161.80, 1206.18, -30097.96, -2021.79, -54374.70, -17.75, 79.37, 165.71
3900, -151.00, -198.73, 1192.50, -28968.81, -15220.64, -48957.82, -17.75, 79.37, 165.71
3930, 68.79, -177.37, 1197.51, -24314.88, -27252.20, -50682.07, -17.75, 79.37, 165.71
3960, 153.87, -157.78, 1154.91, -21911.62, -18791.20, -49102.78, -17.74, 79.41, 165.72
3990, -44.25, -177.73, 1064.94, -22125.24, -1197.81, -49552.92, -170.12, 3.46, 143.44
4020, -225.65, -216.25, 1085.57, -20889.28, -167.85, -51979.07, -170.12, 3.46, 143.44
4050, -259.95, -205.75, 1103.45, -18096.92, -4501.34, -51788.33, -170.12, 3.46, 143.44
4080, -275.51, -183.59, 1126.65, -16723.63, -9910.58, -50514.22, -170.10, 3.46, 143.43
4110, -155.27, -153.44, 1207.03, -19676.21, -20545.96, -45822.14, -148.84, -39.36, -76.94
4140, 81.36, -151.61, 1251.95, -20980.84, -32127.38, -45425.41, -148.84, -39.36, -76.94
4170, 299.74, -119.93, 1237.92, -19638.06, -33615.11, -50636.29, -148.84, -39.36, -76.94
4200, 308.41, -159.79, 1200.99, -26382.45, -17494.20, -45005.80, -148.91, -39.36, -76.87
4230, 53.04, -234.74, 1162.72, -27908.32, 1258.85, -47431.95, 150.59, 1.36, -174.73
4260, -167.54, -249.45, 1138.67, -24864.20, 9094.24, -56022.64, 150.59, 1.36, -174.73
4290, -350.52, -257.45, 1120.12, -22659.30, 9078.98, -59623.72, 150.59, 1.36, -174.73
4320, -458.13, -243.53, 1118.41, -19226.07, -358.58, -61363.22, 150.59, 1.36, -174.73
4350, -421.57, -179.02, 1152.34, -14900.21, -14793.40, -61973.57, 150.60, 1.37, -174.71
4380, -262.76, -121.22, 1232.18, -16433.71, -25047.30, -55572.51, -80.08, 34.17, 151.31
4410, -71.72, -113.22, 1284.06, -20240.78, -34950.26, -50102.23, -80.08, 34.17, 151.31
4440, 117.25, -78.31, 1273.86, -20439.15, -37399.29, -55999.76, -80.08, 34.17, 151.31
4470, 169.43, -74.10, 1266.05, -27160.64, -26626.59, -56633.00, -80.09, 34.19, 151.30
4500, 23.93, -179.57, 1225.52, -32226.56, -11978.15, -55419.92, 132.26, -10.59, 156.04
4530, -144.10, -192.75, 1207.89, -28297.42, -3303.53, -61172.48, 132.26, -10.59, 156.04
4560, -307.37, -187.32, 1222.35, -27526.86, -1022.34, -61622.62, 132.26, -10.59, 156.04
4590, -429.20, -182.19, 1229.31, -23460.39, -7064.82, -64117.43, 132.29, -10.58, 156.06
4620, -462.22, -146.67, 1233.40, -18905.64, -17562.87, -61538.70, 171.51, 77.09, -9.93
4650, -358.46, -88.93, 1279.11, -18913.27, -29846.19, -52307.13, 171.51, 77.09, -9.93
4680, -214.11, -87.22, 1294.31, -21743.77, -32615.66, -47775.27, 171.51, 77.09, -9.93
4710, -200.99, -106.75, 1257.08, -23117.07, -27748.11, -50125.12, 171.49, 77.06, -9.94
4740, -172.42, -96.80, 1313.96, -23475.65, -31867.98, -51589.96, -153.37, 6.93, 151.87
4770, -41.87, -75.68, 1365.23, -24520.88, -28495.79, -51513.67, -153.37, 6.93, 151.87
4800, -185.42, -113.40, 1335.69, -25184.63, -18348.69, -50231.93, -153.37, 6.93, 151.87
4830, -274.60, -137.63, 1303.89, -25268.55, -20675.66, -49301.15, -153.36, 6.94, 151.87
4860, -357.73, -163.94, 1250.06, -25444.03, -29739.38, -50880.43, 164.58, -51.81, 30.04
4890, -297.91, -151.73, 1192.20, -24642.95, -35705.57, -53405.76, 164.58, -51.81, 30.04
4920, -298.77, -164.18, 1185.36, -25955.20, -34530.64, -53085.33, 164.58, -51.81, 30.04
4950, -238.28, -156.98, 1166.75, -24078.37, -39680.48, -51490.79, 164.62, -51.75, 29.99
4980, -55.73, -151.73, 1147.46, -26229.86, -37391.66, -47332.77, -140.49, -3.15, -171.38
5010, -164.37, -198.79, 1032.78, -26672.36, -32043.46, -46691.89, -140.49, -3.15, -171.38
5040, -99.37, -190.55, 974.49, -23895.26, -42434.69, -50827.03, -140.49, -3.15, -171.38
5070, 28.26, -197.20, 851.93, -23185.73, -43945.31, -52536.01, -140.49, -3.14, -171.38
5100, 42.24, -236.39, 694.40, -20004.27, -39199.83, -52078.25, -18.16, -15.98, -177.54
5130, 43.03, -230.10, 619.81, -18280.03, -35095.21, -51887.51, -18.16, -15.98, -177.54
5160, -42.66, -212.04, 526.37, -17753.60, -31959.53, -56137.09, -18.16, -15.98, -177.54
5190, 167.79, -107.36, 745.12, -18661.50, -36621.09, -60554.50, -18.17, -15.96, -177.53
5220, 863.22, 91.61, 1616.58, -43594.36, 946.04, -46752.93, 130.46, 32.66, -114.45
5250, -180.18, -146.30, 1331.42, -36865.23, 51155.09, -55183.41, 130.46, 32.66, -114.45
5280, -487.43, 14.40, 1999.94, -28343.20, 23338.32, -47866.82, 130.46, 32.66, -114.45
5310, -119.75, 23.50, 1673.28, -21148.68, -14770.51, -54420.47, 130.46, 32.66, -114.45
5340, -106.75, 43.58, 1454.16, -27954.10, -11825.56, -56930.54, 130.47, 32.66, -114.41
5370, -340.94, -49.99, 1306.88, -31784.06, -28114.32, -52452.09, -33.37, 9.78, 177.11
5400, -263.98, -112.30, 1138.92, -34233.09, -44967.65, -42823.79, -33.37, 9.78, 177.11
5430, -213.07, -198.00, 952.45, -35644.53, -51330.57, -32211.30, -33.37, 9.78, 177.11
5460, 48.03, -242.25, 1049.44, -36331.18, -44288.64, -31494.14, -33.37, 9.81, 177.11
5490, 125.85, -294.49, 1100.28, -28450.01, -22933.96, -35781.86, -142.36, 1.08, 176.87
5520, 37.96, -227.17, 1240.72, -15678.41, -4478.45, -41938.78, -142.36, 1.08, 176.87
5550, -43.70, -135.01, 1350.46, -11077.88, 5737.30, -45425.41, -142.36, 1.08, 176.87
5580, -280.58, -86.43, 1327.70, -7278.44, 3799.44, -45661.93, -142.36, 1.09, 176.87
5610, -297.06, -49.13, 1329.65, -10498.05, -11901.86, -43457.03, 161.26, -5.55, 146.36
5640, -445.43, -135.13, 1149.84, -13069.15, -9674.07, -47050.48, 161.26, -5.55, 146.36
5670, -651.06, -187.07, 1008.79, -14511.11, -14427.19, -38459.78, 161.26, -5.55, 146.36
5700, -608.09, -237.24, 935.12, -17921.45, -16624.45, -35469.05, 161.29, -5.54, 146.37
5730, -625.61, -285.52, 893.25, -22972.11, -3158.57, -38696.29, 164.73, 51.69, -29.81
5760, -912.90, -346.92, 935.30, -25558.47, 4219.06, -37544.25, 164.73, 51.69, -29.81
5790, -1119.63, -351.93, 823.97, -12702.94, -26275.63, -36415.10, 164.73, 51.69, -29.81
5820, -116.64, -117.25, 1550.78, -10559.08, -147468.56, 251.77, 164.75, 51.66, -29.78
5850, 1121.58, -105.77, 1386.72, 2067.57, -167678.83, -21949.77, -127.10, 17.97, 145.14
5880, 1968.99, 352.05, 1590.09, 44303.89, -169441.22, -55053.71, -127.10, 17.97, 145.14
5910, 1999.94, 414.79, 1423.40, 2464.29, -95352.17, -1136.78, -127.10, 17.97, 145.14
5940, 1047.85, -117.43, 873.72, -30799.87, -14892.58, -7873.54, -127.10, 17.95, 145.13
5970, 218.02, -342.47, 866.15, -35369.88, 28129.58, -39756.77, -48.25, -37.61, -162.87
6000, -418.82, -394.59, 627.14, -24208.07, 52307.13, -68687.44, -48.25, -37.61, -162.87
6030, -803.10, -353.09, 593.26, -8857.73, 48454.29, -72502.13, -48.25, -37.61, -162.87
6060, -947.94, -247.56, 736.88, 228.88, 21987.91, -55511.48, -48.26, -37.58, -162.87
6090, -767.27, -147.40, 901.73, -11383.06, -11573.79, -30113.22, 144.78, 25.63, -107.78
6120, -473.51, -224.61, 899.41, -30235.29, -29045.11, -30776.98, 144.78, 25.63, -107.78
6150, -122.68, -216.61, 1168.76, -38383.48, -42144.77, -47370.91, 144.78, 25.63, -107.78
6180, 351.99, -172.36, 1451.48, -37338.26, -56480.41, -54359.44, 144.78, 25.63, -107.78
6210, 683.04, -219.54, 1419.62, -41267.39, -33454.89, -45608.52, 144.78, 25.60, -107.75
6240, 584.11, -252.81, 1433.96, -30494.69, -28137.21, -59288.02, 64.53, 72.74, -129.64
6270, 597.84, -72.27, 1352.91, -16044.62, -16944.88, -85792.54, 64.53, 72.74, -129.64
6300, 216.00, -17.03, 1190.61, -19989.01, 13412.48, -94268.80, 64.53, 72.74, -129.64
6330, -283.75, -56.70, 1084.47, -30731.20, 29083.25, -93467.71, 64.63, 72.76, -129.52
6360, -651.00, -120.42, 992.98, -54374.70, 24810.79, -89469.91, -127.61, 14.84, 150.69
6390, -752.14, -239.26, 970.15, -77461.24, -11016.85, -93040.47, -127.61, 14.84, 150.69
6420, -397.71, -312.13, 1052.55, -88035.59, -33210.75, -99205.02, -127.61, 14.84, 150.69
6450, -340.09, -418.95, 1110.35, -92460.63, -31471.25, -98159.79, -127.60, 14.86, 150.68
6480, -177.00, -437.50, 1264.40, -81420.90, -46386.72, -97961.42, 132.76, -50.37, 85.07
6510, 89.66, -400.27, 1346.37, -69122.31, -43159.48, -102844.23, 132.76, -50.37, 85.07
6540, 282.96, -223.63, 1402.89, -51841.73, -42861.94, -105781.55, 132.76, -50.37, 85.07
6570, 183.59, -331.67, 1333.86, -64300.54, -25665.28, -97572.33, 132.86, -50.37, 84.96
6600, -15.20, -402.16, 1229.55, -69572.45, -16319.28, -106193.54, -135.08, -2.30, -174.52
6630, -232.91, -477.84, 1174.38, -71640.02, -10421.75, -117507.94, -135.08, -2.30, -174.52
6660, -441.28, -506.71, 1167.30, -66070.55, -17784.12, -127609.25, -135.08, -2.30, -174.52
6690, -480.59, -456.24, 1150.33, -64079.29, -35385.13, -130531.31, -135.08, -2.28, -174.52
6720, -247.62, -370.24, 1201.35, -62690.73, -45616.15, -131599.42, 166.80, -0.49, 175.68
6750, -97.29, -308.41, 1220.28, -58822.63, -43601.99, -131217.95, 166.80, -0.49, 175.68
6780, 42.66, -202.82, 1288.45, -59722.90, -39054.87, -126525.88, 166.80, -0.49, 175.68
6810, 155.09, -216.67, 1334.17, -63034.06, -31974.79, -117645.27, 166.82, -0.50, 175.69
6840, 105.53, -178.77, 1342.65, -62881.47, -14884.95, -116905.21, 152.95, 58.83, -45.30
6870, -82.28, -222.29, 1368.29, -64956.66, -8209.23, -108528.14, 152.95, 58.83, -45.30
6900, -256.23, -347.60, 1294.49, -76911.93, -8056.64, -96130.38, 152.95, 58.83, -45.30
6930, -382.32, -450.99, 1244.45, -75187.68, -19233.70, -106300.35, 152.95, 58.81, -45.29
6960, -296.75, -453.98, 1230.71, -77308.66, -30654.91, -112243.66, -147.66, 26.31, 103.29
6990, -194.15, -447.94, 1225.65, -76400.76, -32638.55, -118209.84, -147.66, 26.31, 103.29
7020, -172.30, -451.66, 1271.67, -78071.59, -29212.95, -119331.36, -147.66, 26.31, 103.29
7050, -187.26, -481.87, 1300.05, -73532.10, -24520.88, -122673.03, -147.66, 26.33, 103.26
7080, -226.38, -432.01, 1346.19, -63758.85, -28213.50, -123580.93, 10.23, -53.59, 174.53
7110, -223.88, -424.56, 1331.73, -66055.30, -32867.43, -113342.28, 10.23, -53.59, 174.53
7140, -132.08, -399.60, 1321.41, -58876.04, -45402.53, -125610.35, 10.23, -53.59, 174.53
7170, -56.70, -306.40, 1236.94, -50239.56, -51361.09, -129928.59, 10.23, -53.61, 174.53
7200, 82.40, -259.16, 1232.42, -40855.41, -56083.68, -115936.28, -168.23, 0.42, 176.18
7230, 8.79, -266.54, 1049.74, -30281.07, -42114.26, -96748.35, -168.23, 0.42, 176.18
7260, 15.93, -174.01, 1108.09, -23025.51, -40718.08, -80459.59, -168.23, 0.42, 176.18
7290, 121.34, -86.61, 1050.29, -36499.02, -25451.66, -77926.63, -168.23, 0.42, 176.18
7320, -72.69, -259.77, 1126.16, -58288.57, -11711.12, -83320.62, -168.22, 0.42, 176.18
7350, -176.15, -359.92, 1202.88, -62194.82, -10864.26, -90988.16, -123.91, 61.18, 84.71
7380, -258.61, -408.14, 1212.04, -63735.96, -19973.75, -92842.10, -123.91, 61.18, 84.71
7410, -103.58, -417.79, 1295.96, -56549.07, -33912.66, -101295.47, -123.91, 61.18, 84.71
7440, 8.91, -325.44, 1267.52, -47134.40, -27755.74, -102828.98, -123.98, 61.20, 84.63
7470, -84.59, -297.42, 1251.10, -41740.42, -22315.98, -99723.81, 130.89, -19.16, 138.96
7500, -76.97, -198.97, 1254.39, -36407.47, -22521.97, -99670.41, 130.89, -19.16, 138.96
7530, -174.87, -146.12, 1227.97, -43037.41, -20256.04, -95848.09, 130.89, -19.16, 138.96
7560, -141.85, -196.23, 1250.79, -52261.35, -23765.56, -91674.80, 130.94, -19.16, 138.94
7590, -172.42, -305.97, 1234.50, -54618.84, -25352.48, -86204.53, -178.77, -1.96, -85.40
7620, -187.62, -344.06, 1222.05, -49781.80, -32173.16, -82611.09, -178.77, -1.96, -85.40
7650, -91.37, -341.61, 1211.12, -45196.53, -35736.09, -81977.84, -178.77, -1.96, -85.40
7680, -62.07, -341.43, 1223.45, -40512.09, -30685.43, -81893.92, -178.79, -1.97, -85.37
7710, -83.31, -317.26, 1199.89, -36788.94, -26855.47, -79673.77, 103.66, 17.26, -157.93
7740, -149.72, -358.03, 1218.51, -35797.12, -28228.76, -78437.80, 103.66, 17.26, -157.93
7770, -41.63, -310.24, 1281.98, -38833.62, -31417.85, -85334.78, 103.66, 17.26, -157.93
7800, -116.64, -355.35, 1238.83, -46409.61, -25512.70, -95611.57, 103.68, 17.28, -157.89
7830, -183.72, -349.67, 1251.89, -46669.01, -31906.13, -106178.28, -88.23, 22.92, 157.97
7860, -145.51, -349.61, 1205.14, -45883.18, -39794.92, -105384.83, -88.23, 22.92, 157.97
7890, -104.98, -313.42, 1162.23, -40382.39, -45059.20, -100845.34, -88.23, 22.92, 157.97
7920, -39.98, -242.31, 1115.48, -39924.62, -47225.95, -98052.98, -88.23, 22.92, 157.97
7950, 86.55, -204.47, 1135.86, -47897.34, -41084.29, -95237.73, -88.23, 22.94, 157.96
7980, 111.63, -226.38, 1205.93, -57739.26, -27076.72, -93154.91, 139.57, -4.77, 166.92
8010, -79.59, -291.75, 1222.29, -62583.92, -16418.46, -94169.62, 139.57, -4.77, 166.92
8040, -131.16, -321.04, 1234.92, -67214.97, -16860.96, -93505.86, 139.57, -4.77, 166.92
8070, -177.98, -396.12, 1271.97, -73692.32, -16654.97, -93345.64, 139.60, -4.77, 166.94
8100, -239.14, -470.89, 1335.21, -70228.58, -16876.22, -97297.67, 145.16, 81.26, -39.53
8130, -333.74, -419.68, 1308.04, -65132.14, -29327.39, -101547.24, 145.16, 81.26, -39.53
8160, -277.53, -373.78, 1241.82, -63117.98, -40458.68, -104370.12, 145.16, 81.26, -39.53
8190, -149.72, -342.83, 1267.40, -57556.15, -44334.41, -101043.70, 145.18, 81.22, -39.49
8220, -72.33, -320.80, 1260.74, -56838.99, -45951.84, -90736.39, -151.13, 18.14, 117.44
8250, -37.90, -365.66, 1234.92, -61965.94, -45799.25, -91247.56, -151.13, 18.14, 117.44
8280, 13.61, -386.11, 1205.81, -58677.67, -40489.20, -104484.55, -151.13, 18.14, 117.44
8310, -50.84, -380.19, 1169.49, -52909.85, -37155.15, -105415.34, -151.12, 18.15, 117.41
8340, -18.25, -369.08, 1178.16, -41969.30, -34088.13, -104888.91, -15.13, -57.57, -171.97
8370, -61.04, -282.53, 1147.40, -36270.14, -29167.18, -110679.63, -15.13, -57.57, -171.97
8400, -111.27, -218.87, 1154.36, -38314.82, -30586.24, -108711.24, -15.16, -57.60, -171.96
8430, -49.19, -251.28, 1141.72, -51940.92, -28152.46, -84198.00, -129.54, 20.61, 138.31
8460, -60.30, -358.76, 1185.30, -57510.38, -27572.63, -84243.77, -129.54, 20.61, 138.31
8490, 43.03, -393.13, 1221.13, -59509.28, -28114.32, -83625.80, -129.54, 20.61, 138.31
8520, 11.35, -470.21, 1221.80, -57342.53, -24086.00, -87867.73, -129.53, 20.63, 138.29
8550, -99.43, -467.53, 1169.37, -48423.77, -26802.06, -94894.41, 110.05, -62.44, 97.59
8580, -23.86, -334.66, 1164.61, -45623.78, -28816.22, -94787.59, 110.05, -62.44, 97.59
8610, -13.98, -340.45, 1155.03, -55587.77, -23162.84, -101425.17, 110.05, -62.44, 97.59
8640, -176.09, -402.16, 1141.97, -59257.51, -24124.14, -109428.41, 110.05, -62.44, 97.59
8670, -44.92, -341.74, 1224.30, -54908.75, -28121.95, -104843.14, 110.18, -62.44, 97.44
8700, -29.24, -390.87, 1227.91, -57281.49, -26596.07, -90850.83, -122.45, -9.68, -162.67
8730, 100.65, -477.54, 1289.00, -54405.21, -31669.62, -98312.38, -122.45, -9.68, -162.67
8760, 79.10, -455.44, 1250.24, -38879.39, -22308.35, -111038.21, -122.45, -9.68, -162.67
8790, -79.04, -293.88, 1204.10, -21842.96, -25718.69, -110404.97, -122.45, -9.68, -162.66
8820, 86.55, -184.02, 1168.15, -15754.70, -35911.56, -103935.24, 36.37, 0.67, -179.80
8850, 62.62, -121.22, 1082.89, -18852.23, -29205.32, -99288.94, 36.37, 0.67, -179.80
8880, -29.54, -101.87, 1058.17, -26222.23, -23757.93, -96115.11, 36.37, 0.67, -179.80
8910, -81.79, -143.92, 1052.80, -34729.00, -24475.10, -93025.21, 36.37, 0.70, -179.77
8940, 5.62, -147.52, 1156.49, -35621.64, -23300.17, -93124.39, -78.21, -8.52, -173.15
8970, -133.18, -188.72, 1129.27, -33721.92, -17570.50, -80352.78, -78.21, -8.52, -173.15
9000, -163.76, -246.28, 1159.06, -33561.71, -23765.56, -75019.84, -78.21, -8.52, -173.15
9030, 8.00, -177.86, 1214.54, -22109.98, -28114.32, -88851.93, -78.22, -8.51, -173.15
9060, -132.93, -95.09, 1115.11, -15739.44, -19828.80, -75912.48, -174.16, -6.33, -90.99
9090, -130.68, -61.46, 1123.60, -14450.07, -29548.64, -68923.95, -174.16, -6.33, -90.99
9120, 97.35, 36.99, 1141.66, -17189.03, -31608.58, -73524.48, -174.16, -6.33, -90.99
9150, 62.74, 21.12, 1169.74, -27900.70, -19912.72, -65505.98, -174.18, -6.34, -90.97
9180, -191.35, -113.40, 1126.22, -40603.64, -20057.68, -72463.99, 107.88, 17.86, -155.41
9210, -157.10, -237.67, 1170.10, -41099.55, -24261.47, -75302.13, 107.88, 17.86, -155.41
9240, -80.44, -206.85, 1273.80, -46615.60, -25016.79, -67291.26, 107.88, 17.86, -155.41
9270, -57.86, -359.62, 1380.25, -65490.72, -22979.74, -76934.81, 107.88, 17.86, -155.41
9300, -247.80, -553.65, 1362.37, -70526.13, -23719.79, -85632.33, 107.90, 17.87, -155.36
9330, -370.85, -641.11, 1318.18, -66352.84, -48851.01, -86647.03, -55.92, 33.45, 162.09
9360, 40.59, -659.67, 1232.06, -55252.07, -68244.94, -86875.91, -55.92, 33.45, 162.09
9390, 214.48, -624.27, 1178.16, -45021.06, -50338.75, -91522.22, -55.92, 33.45, 162.09
9420, 55.73, -541.56, 1256.96, -32966.61, -31074.52, -110458.38, -55.93, 33.48, 162.10
9450, -80.20, -361.57, 1271.91, -21942.14, -14442.44, -116744.99, -150.70, 3.09, 168.45
9480, -316.22, -318.91, 1263.98, -16952.52, -17013.55, -97595.22, -150.70, 3.09, 168.45
9510, -345.40, -233.40, 1258.79, -16334.53, -33218.38, -85136.41, -150.70, 3.09, 168.45
9540, -146.55, -221.44, 1303.89, -23612.98, -44769.29, -90446.47, -150.67, 3.09, 168.45
9570, -78.92, -200.44, 1238.71, -25520.32, -39062.50, -98861.70, 176.93, 10.02, -27.90
9600, -144.90, -186.83, 1214.11, -22094.73, -38177.49, -99365.23, 176.93, 10.02, -27.90
9630, -79.90, -72.57, 1185.67, -19950.87, -36010.74, -97114.56, 176.93, 10.02, -27.90
9660, -134.28, -78.67, 1108.09, -28419.49, -29983.52, -81092.84, 176.90, 10.02, -27.88
9690, -97.96, -90.82, 1202.15, -31402.59, -38024.90, -80207.83, 140.05, 58.20, -65.48
9720, -110.47, -62.99, 1096.80, -28266.91, -38955.69, -85235.59, 140.05, 58.20, -65.48
9750, -66.59, -134.83, 1016.24, -33920.29, -56091.31, -74523.92, 140.05, 58.20, -65.48
9780, 244.26, -145.94, 990.30, -29541.02, -55191.04, -87760.92, 140.07, 58.15, -65.42
9810, 286.38, -41.99, 1044.86, -26298.52, -36262.51, -85700.99, -98.53, 53.94, 119.36
9840, 155.52, -119.38, 1000.18, -40176.39, -24627.69, -82733.16, -98.53, 53.94, 119.36
9870, 46.08, -166.32, 1040.89, -30456.54, -21560.67, -96969.60, -98.53, 53.94, 119.36
9900, -42.36, -88.01, 987.00, -24116.52, -26031.49, -82572.94, -98.53, 53.94, 119.36
9930, 109.31, -48.22, 1044.25, -23887.63, -28106.69, -70045.47, -98.58, 53.95, 119.31
9960, 159.85, -17.94, 1162.23, -25230.41, -17951.96, -71090.70, 142.04, 1.82, -174.61
9990, 72.20, -44.80, 1122.50, -29777.53, -9811.40, -73837.28, 142.04, 1.82, -174.61
10020, -19.04, -74.28, 1158.45, -34996.03, -9239.20, -65795.90, 142.04, 1.82, -174.61
10050, -190.55, -211.85, 1114.44, -40214.54, -15426.64, -75874.33, 142.07, 1.82, -174.57
10080, -174.74, -168.15, 1155.03, -28350.83, -27534.48, -74775.70, 12.14, 70.28, -171.03
10110, -29.42, -96.68, 1218.38, -25329.59, -20622.25, -65116.88, 12.14, 70.28, -171.03
10140, -176.27, -26.06, 1256.23, -23139.95, -13381.96, -66017.15, 12.17, 70.32, -170.97
10170, -210.88, -10.68, 1317.20, -24131.78, -26741.03, -58662.41, -105.89, 4.33, 174.32
10200, -25.88, -42.72, 1307.13, -22148.13, -34797.67, -52276.61, -105.89, 4.33, 174.32
10230, -47.18, 33.14, 1284.36, -14678.96, -32615.66, -45639.04, -105.89, 4.33, 174.32
10260, -42.85, 75.32, 1257.57, -12390.14, -33821.11, -38078.31, -105.88, 4.34, 174.31
10290, -97.78, 87.22, 1139.59, -12107.85, -29251.10, -40168.76, 112.11, -56.72, 101.96
10320, -167.05, 142.46, 1129.88, -16204.83, -26138.30, -41854.86, 112.11, -56.72, 101.96
10350, -219.06, 75.62, 1115.60, -31814.57, -15632.63, -34873.96, 112.11, -56.72, 101.96
10380, -300.29, -47.24, 1121.83, -39230.35, -14793.40, -32897.95, 112.11, -56.72, 101.96
10410, -287.29, -25.39, 1149.78, -37361.14, -18493.65, -39649.96, 112.20, -56.70, 101.85
10440, -384.46, -104.86, 1064.94, -49636.84, -24360.66, -36346.44, -102.47, -29.62, -143.89
10470, -299.32, -246.83, 1027.34, -58494.57, -42465.21, -37361.14, -102.47, -29.62, -143.89
10500, 64.09, -286.07, 1166.75, -51200.87, -44311.52, -45059.20, -102.47, -29.62, -143.89
10530, 156.01, -256.04, 1306.09, -38246.16, -15174.87, -48728.94, -102.49, -29.63, -143.88
10560, -262.02, -253.72, 1280.27, -34362.79, 8064.27, -45570.38, 165.16, -31.29, 48.10
10590, -259.40, -238.95, 1527.59, -34225.46, -4478.45, -50361.63, 165.16, -31.29, 48.10
10620, -286.99, -134.77, 1745.42, -29754.64, 5233.76, -64857.48, 165.16, -31.29, 48.10
10650, -597.47, -57.56, 1962.59, -30548.10, 3730.77, -60218.81, 165.17, -31.23, 48.07
10680, -714.90, -110.17, 1852.11, -30334.47, -15113.83, -62843.32, -134.80, -31.02, -113.37
10710, -829.47, -111.27, 1667.48, -28221.13, -46012.88, -63659.67, -134.80, -31.02, -113.37
10740, -477.60, -145.69, 1616.15, -27374.27, -77896.12, -58204.65, -134.80, -31.02, -113.37
10770, 55.54, -40.41, 1526.00, -17669.68, -72410.59, -59104.92, -134.81, -31.02, -113.36
10800, -192.75, -137.82, 1203.55, -23635.86, -28640.75, -52703.86, 146.36, -17.22, 125.93
10830, -435.24, -22.95, 1270.45, -7499.69, -23674.01, -59593.20, 146.36, -17.22, 125.93
10860, -691.53, -11.29, 773.07, -3425.60, -76477.05, -28862.00, 146.36, -17.22, 125.93
10890, -462.89, -127.62, 408.33, -5622.86, -156547.55, -2685.55, 146.39, -17.18, 125.89
10920, 254.27, -163.64, 412.72, -7431.03, -178352.36, 228.88, -101.71, -16.15, -160.42
10950, 1111.45, 73.00, 724.49, -10009.77, -92948.91, -28900.15, -101.71, -16.15, -160.42
10980, 436.52, 139.16, 749.63, -32989.50, -7850.65, -34294.13, -101.71, -16.15, -160.42
11010, -153.50, -84.05, 741.76, -65483.09, -40336.61, -17753.60, -101.71, -16.15, -160.42
11040, -136.47, -477.66, 248.78, -84014.89, -115310.67, -11161.80, -101.72, -16.12, -160.40
11070, 577.94, -573.06, 441.53, -79467.77, -131111.14, -21575.93, 92.12, -38.39, 139.89
11100, 566.59, -561.65, 456.48, -70526.13, -57609.56, -38269.04, 92.12, -38.39, 139.89
11130, 1022.34, -505.55, 1504.52, -56716.92, 36300.66, -71777.34, 92.12, -38.39, 139.89
11160, 105.77, -297.30, 1584.29, -16014.10, 137786.86, -105514.52, 92.17, -38.41, 139.84
11190, -643.68, 477.42, 1999.94, 37986.75, 138816.83, -117347.72, -137.30, -30.15, -111.65
11220, -1063.29, 175.54, 1193.79, 1106.26, 45288.09, -33958.43, -137.30, -30.15, -111.65
11250, -271.67, 42.79, 1659.67, -47004.70, -41213.99, -15625.00, -137.30, -30.15, -111.65
11280, 411.44, -152.95, 1495.91, -44540.41, -78834.53, -40397.64, -137.32, -30.16, -111.64
11310, 237.30, -168.76, 908.81, -17753.60, -32051.09, -58059.69, 157.95, 2.57, -166.56
11340, -67.32, -88.13, 794.01, -17326.36, 23651.12, -40626.53, 157.95, 2.57, -166.56
11370, -281.74, -92.47, 1170.65, -34431.46, 34957.89, -38749.70, 157.95, 2.57, -166.56
11400, -655.94, -207.15, 846.31, -39466.86, 35530.09, -60607.91, 157.97, 2.58, -166.52
11430, -820.62, -271.42, 776.49, -47569.27, 8926.39, -55236.82, -65.80, 39.32, 154.25
11460, -510.07, -304.08, 933.65, -56655.88, -13435.36, -58555.60, -65.80, 39.32, 154.25
11490, -4.76, -241.33, 1418.21, -45593.26, 2380.37, -54466.25, -65.80, 39.32, 154.25
11520, -410.03, -222.72, 1261.35, -33554.08, 31974.79, -57418.82, -65.81, 39.35, 154.24
11550, -692.93, -188.54, 1321.35, -24665.83, 23147.58, -59288.02, -176.82, 0.33, 169.82
11580, -835.27, -287.23, 1138.79, -21881.10, -343.32, -32394.41, -176.82, 0.33, 169.82
11610, -535.03, -275.09, 1217.16, -24658.20, -43968.20, -29342.65, -176.82, 0.33, 169.82
11640, -241.46, -215.94, 1080.99, -22499.08, -59013.37, -43220.52, -176.79, 0.33, 169.83
11670, -325.01, -338.62, 855.29, -35415.65, -56823.73, -35766.60, 178.20, 55.54, -2.33
11700, -42.30, -331.60, 987.30, -36643.98, -71876.52, -43708.80, 178.20, 55.54, -2.33
11730, 381.65, -292.11, 1034.79, -43098.45, -77194.21, -46226.50, 178.20, 55.54, -2.33
11760, 902.16, -346.44, 1185.91, -51101.68, -70800.78, -61820.98, 178.15, 55.50, -2.35
11790, 1137.57, -363.22, 1175.05, -43754.58, -33958.43, -59608.46, -138.37, 25.02, 120.20
11820, 1012.63, -338.38, 1206.42, -40321.35, 9155.27, -66886.90, -138.37, 25.02, 120.20
11850, 468.32, -374.08, 1193.73, -35606.38, 50048.83, -80123.90, -138.37, 25.02, 120.20
11880, -109.92, -389.77, 1054.02, -28114.32, 74844.36, -86273.20, -138.36, 25.04, 120.17
11910, -562.44, -359.56, 1179.38, -19729.61, 70129.39, -88630.68, 101.94, -76.28, 91.23
11940, -912.48, -340.27, 1144.96, -19630.43, 35873.41, -79132.08, 101.94, -76.28, 91.23
11970, -929.38, -313.96, 984.13, -12222.29, -19004.82, -72135.92, 101.94, -76.28, 91.23
12000, -448.79, -226.93, 1056.82, -10841.37, -45631.41, -59753.42, 102.11, -76.27, 91.04
12030, -247.56, -200.87, 1125.31, -20118.71, -35140.99, -51620.48, -102.34, -12.70, -164.41
12060, -232.12, -200.32, 1294.43, -26649.47, -21293.64, -67703.25, -102.34, -12.70, -164.41
12090, -366.39, -142.88, 1397.16, -23384.09, -18699.65, -85075.38, -102.34, -12.70, -164.41
12120, -498.35, -59.63, 1465.76, -21179.20, -38711.55, -74569.70, -102.34, -12.70, -164.40
12150, -242.37, -60.00, 1507.08, -29350.28, -74012.76, -58914.18, -52.71, -9.31, -175.47
12180, 188.60, -76.11, 1471.86, -30776.98, -93391.42, -54100.04, -52.71, -9.31, -175.47
12210, 339.97, -192.93, 1383.48, -39894.11, -76057.44, -44639.59, -52.71, -9.31, -175.47
12240, 170.04, -355.35, 1284.97, -37879.95, -57746.89, -45227.05, -52.71, -9.31, -175.47
12270, -9.34, -368.96, 1192.26, -20996.09, -40252.69, -62446.59, -52.72, -9.29, -175.45
12300, -256.04, -349.67, 1140.93, -11436.46, -33409.12, -64384.46, -142.65, -34.23, -96.30
12330, -401.12, -327.03, 1074.71, -2418.52, -36872.86, -63278.20, -142.65, -34.23, -96.30
12360, -427.80, -246.28, 1063.90, 2929.69, -48820.50, -61599.73, -142.65, -34.23, -96.30
12390, -296.33, -161.13, 1058.84, -602.72, -57510.38, -58967.59, -142.67, -34.22, -96.29
12420, -216.06, -150.51, 1045.72, -4661.56, -55870.05, -60531.62, -178.10, 0.71, 148.65
12450, -67.63, -108.03, 1141.05, -5332.95, -54313.66, -56144.71, -178.10, 0.71, 148.65
12480, 81.97, -10.93, 1217.90, -6629.94, -52780.15, -51605.23, -178.10, 0.71, 148.65
12510, 148.38, 29.66, 1229.37, -10665.89, -50895.69, -50392.15, -178.06, 0.70, 148.64
12540, 205.44, 51.45, 1224.30, -15586.85, -47355.65, -49835.20, -141.67, -38.37, -90.85
12570, 210.39, 46.57, 1203.49, -20507.81, -37071.23, -48339.84, -141.67, -38.37, -90.85
12600, -18.62, -27.28, 1111.21, -25199.89, -25344.85, -43647.77, -141.67, -38.37, -90.85
12630, -125.49, -74.40, 1100.95, -24650.57, -20706.18, -40473.94, -141.71, -38.37, -90.83
12660, -246.64, -101.07, 1036.68, -21888.73, -21133.42, -37261.96, -156.48, 4.86, 157.54
12690, -283.33, -131.47, 1022.34, -20629.88, -29106.14, -30860.90, -156.48, 4.86, 157.54
12720, -216.19, -167.36, 975.52, -21675.11, -33355.71, -25779.72, -156.48, 4.86, 157.54
12750, -64.70, -167.42, 1039.73, -23765.56, -40794.37, -19592.29, -156.45, 4.86, 157.53
12780, 160.10, -168.88, 1101.20, -29197.69, -41557.31, -20133.97, -162.36, -24.72, -72.35
12810, 251.40, -221.13, 1151.31, -32623.29, -36888.12, -26046.75, -162.36, -24.72, -72.35
12840, 309.08, -241.88, 1195.98, -30578.61, -29655.46, -32402.04, -162.36, -24.72, -72.35
12870, 236.02, -260.99, 1163.82, -26161.19, -14312.74, -37315.37, -162.36, -24.72, -72.35
12900, 49.99, -258.06, 1134.28, -20660.40, -5264.28, -42289.73, -162.40, -24.72, -72.33
12930, -83.80, -239.99, 1116.82, -17662.05, -2990.72, -49346.92, 176.52, 0.83, -148.30
12960, -242.98, -251.53, 1083.37, -16128.54, -8132.93, -54466.25, 176.52, 0.83, -148.30
12990, -235.35, -228.03, 1080.99, -13328.55, -22583.01, -53863.52, 176.52, 0.83, -148.30
13020, -88.50, -174.13, 1058.04, -14709.47, -24681.09, -52757.26, 176.53, 0.83, -148.26
13050, -96.01, -178.59, 1094.24, -18684.39, -24818.42, -50949.10, -8.62, 31.57, 177.72
13080, 53.47, -166.08, 1150.63, -24322.51, -30143.74, -49018.86, -8.62, 31.57, 177.72
13110, 130.07, -184.20, 1140.69, -30532.84, -31127.93, -50964.36, -8.62, 31.57, 177.72
13140, 251.53, -189.33, 1204.77, -34606.93, -30509.95, -54389.95, -8.63, 31.60, 177.74
13170, 240.66, -217.59, 1168.58, -35575.87, -19844.05, -62400.82, -95.86, -8.35, -170.86
13200, 74.28, -243.71, 1158.33, -32333.38, -8621.22, -69824.22, -95.86, -8.35, -170.86
13230, -83.07, -219.85, 1164.55, -25779.72, -4745.48, -75386.05, -95.86, -8.35, -170.86
13260, -211.36, -189.70, 1159.67, -19592.29, -9048.46, -74142.45, -95.86, -8.34, -170.85
13290, -278.87, -137.08, 1098.02, -14945.98, -18394.47, -69396.97, -131.98, -24.16, -129.31
13320, -150.39, -58.59, 1111.88, -16441.35, -29731.75, -65658.57, -131.98, -24.16, -129.31
13350, 37.60, -19.04, 1126.22, -20744.32, -33561.71, -61248.78, -131.98, -24.16, -129.31
13380, 80.75, -10.01, 1120.48, -25512.70, -24429.32, -56633.00, -131.99, -24.17, -129.29
13410, 31.74, -40.89, 1131.29, -30433.65, -18783.57, -51239.02, 100.95, -12.82, 164.32
13440, -26.06, -102.72, 1168.70, -35446.17, -14060.97, -46897.89, 100.95, -12.82, 164.32
13470, -102.54, -160.83, 1176.21, -35812.38, -12023.93, -45204.16, 100.95, -12.82, 164.32
13500, -209.23, -199.16, 1151.18, -32844.54, -16746.52, -46821.59, 100.95, -12.82, 164.32
13530, -77.15, -183.04, 1130.92, -25878.91, -35331.73, -48660.28, 100.96, -12.82, 164.33
13560, -3.30, -178.77, 1096.44, -22903.44, -35339.36, -47256.47, 85.40, 59.28, -124.13
13590, 31.98, -159.97, 1082.03, -19332.89, -32432.56, -45539.86, 85.40, 59.28, -124.13
13620, 51.03, -139.47, 1058.96, -18737.79, -25329.59, -43876.65, 85.47, 59.28, -124.02
13650, 84.84, -121.09, 1113.16, -19645.69, -22697.45, -41526.79, -80.91, 41.87, 144.20
13680, 76.11, -114.75, 1108.58, -21995.54, -14739.99, -39909.36, -80.91, 41.87, 144.20
13710, 26.25, -146.42, 1144.96, -23376.46, -13816.83, -36041.26, -80.91, 41.87, 144.20
13740, -36.38, -180.97, 1123.90, -21759.03, -14869.69, -37048.34, -80.94, 41.90, 144.18
13770, -6.47, -170.96, 1147.83, -19744.87, -15121.46, -38551.33, 158.70, -0.09, 179.53
13800, -74.77, -176.57, 1149.60, -18814.09, -11802.67, -37811.28, 158.70, -0.09, 179.53
13830, -131.04, -191.28, 1142.40, -16754.15, -15113.83, -37506.10, 158.70, -0.09, 179.53
13860, -71.11, -163.94, 1153.14, -14900.21, -17768.86, -39108.28, 158.70, -0.09, 179.53
13890, -57.07, -152.53, 1160.52, -16555.79, -16082.76, -38162.23, 158.72, -0.10, 179.55
13920, -76.54, -171.51, 1177.00, -18188.48, -19393.92, -37422.18, 104.73, 74.16, -90.55
13950, 54.14, -170.41, 1218.26, -23056.03, -23468.02, -37445.07, 104.73, 74.16, -90.55
13980, -1.89, -233.64, 1179.08, -26657.11, -19653.32, -40573.12, 104.86, 74.14, -90.39
14010, -29.36, -268.49, 1185.85, -26008.61, -23948.67, -46119.69, -102.50, 37.00, 135.15
14040, -97.66, -281.68, 1080.57, -24429.32, -21224.98, -52268.98, -102.50, 37.00, 135.15
14070, -136.05, -274.60, 1115.66, -22621.15, -24337.77, -57022.09, -102.50, 37.00, 135.15
14100, -30.40, -229.31, 1129.39, -20790.10, -26077.27, -60661.32, -102.50, 37.00, 135.15
14130, -47.73, -184.39, 1155.27, -20347.60, -20317.08, -64651.49, -102.52, 37.02, 135.12
14160, -60.36, -169.25, 1177.19, -22995.00, -19355.77, -61820.98, 113.46, -13.66, 159.09
14190, -26.55, -142.76, 1207.76, -25711.06, -19943.24, -62683.11, 113.46, -13.66, 159.09
14220, 1.59, -154.54, 1241.64, -29777.53, -19348.14, -63690.19, 113.46, -13.66, 159.09
14250, -64.09, -168.15, 1252.50, -31440.73, -17257.69, -64224.24, 113.49, -13.67, 159.09
14280, -241.09, -202.09, 1197.69, -30052.19, -16571.04, -66551.21, 163.82, 35.87, -45.90
14310, -242.55, -169.98, 1187.74, -25741.58, -33782.96, -63964.84, 163.82, 35.87, -45.90
14340, -96.68, -140.44, 1134.89, -23124.70, -41366.58, -60333.25, 163.82, 35.87, -45.90
14370, -8.24, -107.79, 1112.98, -20683.29, -44898.99, -56121.83, 163.80, 35.84, -45.88
14400, 98.14, -47.61, 1077.58, -22125.24, -44654.85, -54084.78, -99.37, 72.30, 99.12
14430, 119.20, -67.20, 1068.18, -30227.66, -36445.62, -48461.91, -99.37, 72.30, 99.12
14460, 72.51, -144.10, 1084.41, -34675.60, -28541.56, -44799.80, -99.37, 72.30, 99.12
14490, 11.84, -201.78, 1104.61, -33393.86, -22537.23, -43136.60, -99.50, 72.32, 99.00
14520, -33.57, -238.95, 1129.58, -31394.96, -19088.75, -40542.60, -161.04, 4.38, 154.92
14550, -95.83, -254.03, 1142.52, -29792.79, -19386.29, -41702.27, -161.04, 4.38, 154.92
14580, -113.83, -254.33, 1163.27, -26390.08, -24238.59, -47935.48, -161.04, 4.38, 154.92
14610, -154.05, -252.38, 1140.38, -24848.94, -24894.71, -49446.11, -161.01, 4.39, 154.91
14640, -82.34, -233.46, 1215.88, -22026.06, -34164.43, -49385.07, -170.75, -24.94, -42.47
14670, 1.77, -192.14, 1180.11, -18981.93, -37368.77, -52871.70, -170.75, -24.94, -42.47
14700, 80.75, -162.05, 1199.28, -18157.96, -40603.64, -48927.31, -170.75, -24.94, -42.47
14730, 199.52, -132.81, 1186.77, -20278.93, -37765.50, -45005.80, -170.75, -24.94, -42.47
14760, 138.06, -184.94, 1137.70, -21713.26, -28411.87, -46768.19, -170.80, -24.93, -42.44
14790, 85.08, -208.31, 1108.40, -20690.92, -21430.97, -48110.96, 170.72, 6.06, -110.42
14820, -22.46, -215.21, 1072.33, -18745.42, -14938.35, -49995.42, 170.72, 6.06, -110.42
14850, -101.68, -215.70, 1071.29, -16365.05, -13732.91, -50750.73, 170.72, 6.06, -110.42
14880, -131.77, -209.05, 1087.16, -14419.56, -16273.50, -49209.59, 170.72, 6.05, -110.39
14910, -119.93, -178.96, 1090.64, -14205.93, -20088.20, -48896.79, -3.33, 15.81, 179.61
14940, -82.95, -165.53, 1096.74, -17372.13, -22727.97, -49339.29, -3.33, 15.81, 179.61
14970, -29.72, -163.45, 1124.94, -21438.60, -25360.11, -50582.89, -3.33, 15.81, 179.61
15000, 72.20, -157.96, 1139.65, -24597.17, -26199.34, -52711.49, -3.34, 15.84, 179.63
