30, -337.71, -154.36, 1222.29, -16593.93, -21545.41, -60180.66, 163.14, 8.33, -125.90
60, -302.31, -178.59, 1215.15, -5432.13, -23399.35, -48049.93, 163.14, 8.32, -125.88
90, -285.71, -129.27, 1179.44, -16517.64, -28961.18, -46669.01, 46.87, 55.74, -153.84
120, -276.98, -123.05, 1221.86, -21286.01, -31784.06, -46524.05, 46.87, 55.74, -153.84
150, -209.66, -173.58, 1294.13, -24490.36, -34103.39, -44487.00, 46.87, 55.74, -153.84
180, -65.25, -249.94, 1329.59, -23918.15, -30479.43, -41427.61, 46.87, 55.74, -153.84
210, -56.58, -321.17, 1343.93, -7881.16, -11772.16, -33302.31, 46.88, 55.76, -153.78
240, -284.85, -243.53, 1286.25, 38.15, -15464.78, -29563.90, -64.41, -9.27, -174.22
270, -339.60, -251.10, 1339.11, -2365.11, -25062.56, -23559.57, -64.41, -9.27, -174.22
300, -352.17, -302.92, 1334.41, -885.01, -32844.54, -18676.76, -64.41, -9.27, -174.22
330, -408.63, -345.52, 1340.27, 3288.27, -41877.75, -16029.36, -64.41, -9.27, -174.22
360, -458.44, -386.72, 1328.74, 10810.85, -56274.41, -14183.04, -64.41, -9.27, -174.22
390, -404.54, -423.34, 1246.77, 28038.03, -75912.48, -15197.75, -64.42, -9.26, -174.21
420, -284.12, -260.93, 1176.70, 40954.59, -89736.94, -24230.96, -80.51, -21.84, -161.65
450, -212.40, -187.68, 1111.15, 42411.80, -97625.73, -31112.67, -80.51, -21.84, -161.65
480, -73.91, -165.22, 1088.68, 40145.88, -100631.71, -32676.70, -80.51, -21.84, -161.65
510, 35.34, -132.51, 1003.91, 34812.93, -97084.05, -32638.55, -80.51, -21.84, -161.65
540, 179.50, -80.99, 1042.66, 27717.59, -87219.23, -34622.19, -80.52, -21.84, -161.63
570, 223.88, -42.11, 1094.36, 18836.97, -65742.49, -37727.36, 95.66, -30.01, 146.70
600, 142.09, -22.28, 1018.74, 14534.00, -53108.21, -42739.87, 95.66, -30.01, 146.70
630, 94.12, 25.88, 1020.51, 9674.07, -49774.17, -49903.87, 95.66, -30.01, 146.70
660, 89.11, 53.71, 1010.56, -717.16, -50331.12, -50582.89, 95.66, -30.01, 146.70
690, 102.60, 48.10, 995.73, -10505.68, -46485.90, -53466.80, 95.66, -30.01, 146.70
720, 21.91, 40.71, 994.93, -18089.29, -44189.45, -59021.00, 95.68, -30.02, 146.67
750, 122.38, -45.84, 1019.84, -39123.54, -51612.86, -54489.14, -103.21, -11.04, -166.23
780, 110.47, -131.41, 1033.39, -46722.41, -40809.63, -49949.64, -103.21, -11.04, -166.23
810, 36.93, -218.14, 1102.36, -46989.44, -37986.75, -47119.14, -103.21, -11.04, -166.23
840, 47.97, -256.84, 1159.79, -37963.87, -41572.57, -49125.67, -103.21, -11.04, -166.22
870, 65.73, -179.26, 1040.47, -25177.00, -35980.23, -54344.18, 50.24, 8.86, -175.80
900, 34.06, -156.68, 1097.23, -24749.76, -33264.16, -53405.76, 50.24, 8.86, -175.80
930, 27.22, -180.24, 1071.72, -22468.57, -32119.75, -49789.43, 50.24, 8.86, -175.80
960, 38.88, -111.82, 1065.61, -15632.63, -36949.16, -54443.36, 50.24, 8.86, -175.80
990, 78.13, -56.95, 1053.96, -12741.09, -39527.89, -59844.97, 50.24, 8.86, -175.80
1020, 85.02, -45.04, 1040.59, -14282.23, -40199.28, -56617.74, 50.24, 8.87, -175.77
1050, 87.04, -78.80, 976.68, -16754.15, -41786.20, -49163.82, -45.63, -16.91, -172.95
1080, 190.37, -35.52, 1024.48, -16822.81, -44937.13, -51002.50, -45.63, -16.91, -172.95
1110, 280.70, -18.98, 1002.75, -26466.37, -33569.34, -53436.28, -45.63, -16.91, -172.95
1140, 189.09, -83.68, 1016.24, -34156.80, -23025.51, -48652.65, -45.63, -16.91, -172.95
1170, 95.64, -152.77, 1010.13, -39176.94, -19348.14, -41770.93, -45.65, -16.90, -172.94
1200, -6.23, -217.90, 934.33, -37582.40, -22697.45, -44441.22, -167.74, -31.95, -42.94
1230, 26.43, -186.65, 939.82, -34179.69, -32531.74, -53977.96, -167.74, -31.95, -42.94
1260, 109.62, -160.77, 924.07, -36094.66, -38940.43, -58891.30, -167.74, -31.95, -42.94
1290, 230.83, -175.90, 962.16, -43464.66, -41755.68, -59730.53, -167.74, -31.95, -42.94
1320, 229.55, -186.52, 945.56, -44746.40, -34767.15, -66886.90, -167.79, -31.94, -42.92
1350, 143.43, -133.85, 960.69, -46028.14, -27236.94, -76271.05, -170.26, -8.28, -102.50
1380, 83.50, -129.33, 941.53, -49591.06, -21247.86, -78193.66, -170.26, -8.28, -102.50
1410, 89.78, -140.08, 1030.33, -51925.66, -19363.40, -76301.58, -170.26, -8.28, -102.50
1440, 93.81, -150.76, 1085.14, -50216.68, -17799.38, -74417.12, -170.26, -8.28, -102.50
1470, 18.55, -145.20, 1088.50, -40351.87, -12870.79, -71014.41, -170.26, -8.28, -102.50
1500, 15.69, -119.38, 1122.56, -33645.63, -12161.25, -63400.27, -170.27, -8.29, -102.48
1530, 11.23, -34.06, 1147.03, -24833.68, -17578.13, -56358.34, 73.14, 38.50, -150.67
1560, 26.49, -37.60, 1096.62, -21255.49, -23147.58, -54267.88, 73.14, 38.50, -150.67
1590, 11.23, -38.64, 1012.02, -21774.29, -26947.02, -51170.35, 73.14, 38.50, -150.67
1620, 126.16, -35.52, 1003.60, -24314.88, -33088.68, -48286.44, 73.14, 38.50, -150.67
1650, 259.34, -42.36, 1032.23, -26084.90, -33348.08, -48622.13, 73.17, 38.50, -150.61
1680, 270.51, -75.74, 981.14, -24002.07, -18554.69, -48492.43, -35.69, 42.26, 166.06
1710, 124.94, -73.67, 944.89, -21026.61, -8819.58, -44921.88, -35.69, 42.26, 166.06
1740, 33.87, -72.94, 945.98, -21270.75, -4585.27, -40443.42, -35.69, 42.26, 166.06
1770, 30.52, -89.48, 970.40, -22827.15, -4371.64, -36766.05, -35.69, 42.26, 166.06
1800, 19.23, -129.33, 1003.36, -23536.68, 160.22, -33607.48, -35.71, 42.29, 166.06
1830, -40.95, -162.90, 1057.86, -21354.68, -381.47, -30159.00, -137.40, -5.82, -165.38
1860, -46.63, -175.29, 1070.01, -18707.28, -4249.57, -28450.01, -137.40, -5.82, -165.38
1890, 26.79, -151.61, 1113.28, -15998.84, -11238.10, -28190.61, -137.40, -5.82, -165.38
1920, 100.89, -128.60, 1115.11, -15029.91, -16502.38, -30014.04, -137.40, -5.82, -165.38
1950, 164.92, -123.78, 1128.97, -15838.62, -18783.57, -31852.72, -137.40, -5.82, -165.38
1980, 176.64, -148.56, 1117.68, -16906.74, -19073.49, -33454.89, -137.39, -5.84, -165.36
2010, 144.47, -157.59, 1089.29, -15129.09, -18249.51, -37284.85, 92.44, 43.44, -134.45
2040, 141.42, -139.59, 1106.26, -13847.35, -19187.93, -38398.74, 92.44, 43.44, -134.45
2070, 109.92, -128.85, 1081.67, -13534.55, -17105.10, -36888.12, 92.44, 43.44, -134.45
2100, 33.33, -141.91, 1078.61, -12451.17, -17593.38, -35171.51, 92.44, 43.44, -134.45
2130, -4.70, -128.42, 1072.08, -10765.08, -20439.15, -33393.86, 92.48, 43.44, -134.38
2160, -9.58, -106.87, 1047.79, -12321.47, -22743.22, -31547.55, -48.58, 42.12, 160.54
2190, 0.61, -109.92, 1068.91, -15907.29, -23498.54, -31494.14, -48.58, 42.12, 160.54
2220, 4.03, -131.10, 1072.02, -19104.00, -25444.03, -32875.06, -48.58, 42.12, 160.54
2250, -2.75, -157.41, 1054.87, -20744.32, -28251.65, -35919.19, -48.58, 42.12, 160.54
2280, 45.04, -158.51, 1068.48, -21461.49, -32501.22, -38894.65, -48.58, 42.12, 160.54
2310, 136.29, -153.93, 1079.90, -23406.98, -33859.25, -41397.09, -48.60, 42.15, 160.53
2340, 172.36, -162.84, 1056.15, -28533.94, -33584.59, -45738.22, -156.25, -3.28, -164.90
2370, 146.97, -189.51, 1026.06, -31997.68, -33760.07, -48591.61, -156.25, -3.28, -164.90
2400, 177.61, -214.60, 1026.49, -33515.93, -34172.06, -51071.17, -156.25, -3.28, -164.90
2430, 193.54, -202.82, 1007.75, -34301.76, -29785.16, -52856.45, -156.25, -3.28, -164.90
2460, 152.89, -203.86, 999.02, -37475.59, -22483.83, -54374.70, -156.25, -3.28, -164.90
2490, 26.49, -269.10, 1001.46, -41885.38, -14381.41, -55740.36, -156.24, -3.29, -164.88
2520, -67.08, -300.84, 1073.73, -35202.03, -12672.42, -59768.68, 52.24, 59.01, -148.61
2550, -93.75, -284.12, 1066.04, -33042.91, -14106.75, -59982.30, 52.24, 59.01, -148.61
2580, -103.64, -285.10, 1076.60, -32768.25, -15983.58, -59638.98, 52.24, 59.01, -148.61
2610, -48.52, -259.70, 1138.37, -31845.09, -19874.57, -60401.92, 52.30, 59.03, -148.51
2640, 94.24, -194.58, 1199.52, -33500.67, -20896.91, -62782.29, -72.60, 26.65, 160.46
2670, 80.57, -214.11, 1202.03, -34103.39, -21347.05, -64491.27, -72.60, 26.65, 160.46
2700, 31.31, -225.77, 1149.48, -32394.41, -21865.84, -62622.07, -72.60, 26.65, 160.46
2730, 76.84, -191.16, 1170.35, -30036.93, -26504.52, -59997.56, -72.60, 26.65, 160.46
2760, 151.43, -152.28, 1147.28, -29312.13, -28190.61, -58593.75, -72.60, 26.65, 160.46
2790, 93.81, -148.32, 1084.72, -32379.15, -22743.22, -56381.23, -72.60, 26.67, 160.45
2820, -68.12, -230.53, 1026.55, -36842.35, -21064.76, -52284.24, 164.09, -2.05, 164.90
2850, -78.25, -201.17, 993.23, -31707.76, -29693.60, -58647.16, 164.09, -2.05, 164.90
2880, 4.03, -170.47, 995.48, -30731.20, -37231.45, -59104.92, 164.09, -2.05, 164.90
2910, 141.05, -153.26, 987.30, -30143.74, -40390.02, -57792.66, 164.12, -2.07, 164.91
2940, 138.98, -154.97, 1000.98, -30456.54, -36720.28, -55282.59, 155.70, 26.04, -84.50
2970, 334.78, -93.81, 1047.73, -29129.03, -26893.62, -57014.46, 155.70, 26.04, -84.50
3000, 141.60, -139.53, 1021.73, -32577.52, -13442.99, -50170.90, 155.70, 26.04, -84.50
3030, 201.60, -228.88, 1121.52, -30403.14, -9323.12, -35087.59, 155.69, 26.00, -84.48
3060, 191.10, -229.00, 1152.89, -19538.88, 717.16, -33050.54, 146.53, 77.93, -40.11
3090, 67.81, -224.18, 1212.59, -11016.85, -183.11, -32249.45, 146.53, 77.93, -40.11
3120, 45.41, -268.98, 1158.14, -6309.51, -6347.66, -26672.36, 146.53, 77.93, -40.11
3150, 100.89, -246.77, 1166.32, -3845.21, -7247.92, -27214.05, 146.57, 77.89, -40.03
3180, -50.17, -279.79, 1108.83, -5325.32, -1502.99, -32272.34, -93.11, 29.27, 149.47
3210, -215.15, -330.51, 1043.82, -5905.15, -2349.85, -38787.84, -93.11, 29.27, 149.47
3240, -187.56, -308.23, 1047.91, -4852.29, -9948.73, -42732.24, -93.11, 29.27, 149.47
3270, -114.81, -285.71, 1072.69, -7095.34, -13175.96, -44853.21, -93.11, 29.29, 149.46
3300, -98.75, -283.87, 1067.20, -7652.28, -15830.99, -51292.42, 132.82, -23.89, 127.70
3330, 51.33, -182.31, 1117.49, -6172.18, -24086.00, -58799.74, 132.82, -23.89, 127.70
3360, 150.70, -131.04, 1117.43, -15068.05, -26046.75, -59860.23, 132.82, -23.89, 127.70
3390, 295.47, -132.51, 1170.47, -22460.94, -27221.68, -63636.78, 132.82, -23.89, 127.70
3420, 199.95, -140.38, 1089.60, -26115.42, -10421.75, -72944.64, 132.86, -23.89, 127.65
3450, -9.89, -215.82, 1114.99, -29823.30, -4096.98, -69473.27, -101.96, -38.10, -134.26
3480, -98.63, -208.13, 1114.81, -24375.92, -5676.27, -68023.68, -101.96, -38.10, -134.26
3510, -295.96, -174.32, 1075.99, -21179.20, -8590.70, -69129.95, -101.96, -38.10, -134.26
3540, -248.17, -142.21, 1100.46, -22735.60, -28739.93, -66337.59, -101.98, -38.10, -134.24
3570, -29.17, -111.76, 1145.02, -27038.57, -38475.04, -62767.03, 134.21, -26.76, 120.49
3600, -38.39, -119.63, 1186.52, -28106.69, -36056.52, -63110.35, 134.21, -26.76, 120.49
3630, 44.19, -123.54, 1231.02, -29067.99, -31120.30, -60516.36, 134.21, -26.76, 120.49
3660, 36.74, -129.70, 1254.70, -29586.79, -21133.42, -58303.83, 134.26, -26.75, 120.43
3690, -95.89, -124.27, 1249.63, -25962.83, -22941.59, -61119.08, -85.41, -45.24, -138.31
3720, -101.07, -89.23, 1198.73, -24375.92, -37910.46, -59310.91, -85.41, -45.24, -138.31
3750, 14.77, -80.26, 1102.29, -24803.16, -46142.58, -56503.30, -85.41, -45.24, -138.31
3780, 135.80, -75.26, 1098.82, -26863.10, -39596.56, -52772.52, -85.43, -45.24, -138.30
3810, 30.88, -111.02, 1058.17, -29220.58, -25993.35, -49964.91, -166.98, 14.60, 85.97
3840, -86.06, -145.20, 1072.51, -28007.51, -25642.39, -48332.21, -166.98, 14.60, 85.97
3870, -164.18, -166.32, 1056.64, -24246.21, -34973.14, -44540.41, -166.98, 14.60, 85.97
3900, 66.35, -119.38, 1080.14, -27824.40, -35247.80, -40924.07, -166.98, 14.61, 85.91
3930, -21.91, -178.47, 1093.57, -31814.57, -34797.67, -40336.61, 12.13, -32.29, 176.31
3960, 51.33, -198.36, 1098.21, -29373.17, -37467.96, -42831.42, 12.13, -32.29, 176.31
3990, 83.74, -192.93, 1084.90, -25917.05, -34774.78, -43647.77, 12.13, -32.29, 176.31
4020, 97.53, -159.91, 1065.19, -23918.15, -39665.22, -44403.08, 12.13, -32.29, 176.31
4050, 253.72, -142.27, 1088.26, -25375.37, -43426.52, -44319.15, 12.10, -32.29, 176.33
4080, 362.73, -152.28, 1122.86, -30128.48, -29548.64, -37956.24, -179.93, 2.84, 26.09
4110, 130.80, -243.53, 1085.27, -32043.46, -793.46, -35652.16, -179.93, 2.84, 26.09
4140, -131.47, -258.85, 1131.23, -31509.40, 12626.65, -40405.27, -179.93, 2.84, 26.09
4170, -381.65, -292.60, 1128.30, -32882.69, 1632.69, -48080.45, -179.94, 2.87, 26.08
4200, -303.22, -298.16, 1139.83, -30059.81, -30487.06, -51673.89, -153.68, -32.49, -78.74
4230, 191.89, -255.80, 1138.61, -29731.75, -41320.80, -44311.52, -153.68, -32.49, -78.74
4260, 184.33, -268.01, 1111.15, -29327.39, -26809.69, -48027.04, -153.71, -32.50, -78.73
4290, 55.11, -288.15, 1109.86, -30929.57, -25375.37, -48896.79, -151.06, -10.69, -140.88
4320, 196.17, -266.72, 1123.66, -33706.66, -35179.14, -50514.22, -151.06, -10.69, -140.88
4350, 249.88, -281.56, 1084.78, -38139.34, -29014.59, -55084.23, -151.06, -10.69, -140.88
4380, 51.88, -360.66, 1045.96, -38078.31, -17677.31, -60516.36, -151.06, -10.70, -140.84
4410, -60.67, -362.12, 1074.16, -31600.95, -16227.72, -67840.58, 21.73, 15.58, -176.92
4440, -76.29, -285.16, 1096.25, -23666.38, -18714.90, -74851.99, 21.73, 15.58, -176.92
4470, -72.27, -229.00, 1157.84, -19645.69, -30036.93, -71380.62, 21.73, 15.58, -176.92
4500, 143.43, -169.62, 1154.24, -17692.57, -39924.62, -63461.30, 21.73, 15.58, -176.92
4530, 268.01, -112.98, 1129.94, -19134.52, -37193.30, -60562.13, 21.72, 15.59, -176.89
4560, 152.95, -120.85, 1066.41, -25436.40, -24650.57, -63110.35, -60.07, -28.32, -163.59
4590, 35.10, -155.82, 1056.27, -29411.32, -19157.41, -66726.69, -60.07, -28.32, -163.59
4620, -66.96, -204.96, 1064.70, -29312.13, -20301.82, -60890.20, -60.07, -28.32, -163.59
4650, 14.95, -244.14, 1072.33, -25405.88, -27626.04, -50300.60, -60.09, -28.32, -163.58
4680, 184.14, -186.65, 1110.35, -17837.52, -26916.50, -52093.51, 169.66, -25.95, 40.63
4710, 78.61, -203.49, 1065.80, -18592.83, -11299.13, -47996.52, 169.66, -25.95, 40.63
4740, -43.95, -237.73, 1111.88, -19775.39, -2578.74, -40496.83, 169.66, -25.95, 40.63
4770, -183.11, -251.46, 1095.58, -20683.29, -3318.79, -39070.13, 169.66, -25.90, 40.60
4800, -171.39, -273.07, 1143.62, -21049.50, -19714.36, -43556.21, -124.92, -31.24, -124.19
4830, -4.33, -256.47, 1105.96, -19264.22, -30822.75, -51124.57, -124.92, -31.24, -124.19
4860, 68.54, -211.73, 1097.35, -19477.84, -31524.66, -56579.59, -124.92, -31.24, -124.19
4890, 146.18, -189.94, 1079.77, -19554.14, -30960.08, -61294.55, -124.93, -31.25, -124.17
4920, 137.15, -138.24, 1064.76, -20835.88, -25817.87, -66467.28, 110.58, -1.41, 177.93
4950, 29.48, -151.67, 1036.99, -24543.76, -17288.21, -69450.38, 110.58, -1.41, 177.93
4980, -68.66, -161.13, 1048.28, -24566.65, -17097.47, -67604.06, 110.58, -1.41, 177.93
5010, -3.78, -142.27, 1094.06, -21881.10, -22048.95, -59944.15, 110.59, -1.41, 177.96
5040, 44.80, -121.58, 1107.60, -20027.16, -19927.98, -56930.54, 26.84, 39.06, -170.11
5070, 100.28, -83.01, 1164.00, -19897.46, -21148.68, -57769.77, 26.84, 39.06, -170.11
5100, 116.52, -65.43, 1155.21, -23323.06, -14999.39, -56610.11, 26.84, 39.06, -170.11
5130, -20.14, -113.46, 1148.80, -25177.00, -14617.92, -54222.11, 26.84, 39.06, -170.11
5160, -35.64, -150.09, 1162.48, -24429.32, -20950.32, -49942.02, 26.84, 39.09, -170.07
5190, -32.71, -160.83, 1129.33, -22605.90, -22529.60, -50300.60, -71.63, -4.63, -176.70
5220, -65.43, -156.25, 1127.75, -21331.79, -26435.85, -49827.57, -71.63, -4.63, -176.70
5250, -36.56, -141.60, 1087.52, -23437.50, -30014.04, -49690.25, -71.63, -4.63, -176.70
5280, 29.72, -137.02, 1082.82, -26405.33, -32493.59, -52627.56, -71.63, -4.63, -176.69
5310, 2.99, -167.85, 1059.51, -28938.29, -27870.18, -52581.79, -67.37, -44.35, -149.95
5340, -71.96, -178.77, 1052.25, -26672.36, -28823.85, -52505.49, -67.37, -44.35, -149.95
5370, 60.24, -145.20, 1082.52, -25321.96, -35972.59, -50941.47, -67.37, -44.35, -149.95
5400, 168.88, -137.51, 1089.54, -27114.87, -33790.59, -48873.90, -67.40, -44.35, -149.94
5430, 144.53, -129.09, 1100.89, -24948.12, -32493.59, -52909.85, -162.74, 25.39, 69.75
5460, 156.68, -93.44, 1098.39, -25939.94, -28358.46, -52635.19, -162.74, 25.39, 69.75
5490, 95.09, -101.44, 1079.90, -29380.80, -25123.60, -52597.05, -162.74, 25.39, 69.75
5520, 53.04, -120.85, 1077.76, -32890.32, -20942.69, -53031.92, -162.76, 25.39, 69.70
5550, -13.55, -164.98, 1084.53, -34431.46, -15243.53, -49079.89, 43.32, -19.02, 172.28
5580, -110.90, -200.62, 1066.65, -32234.19, -16517.64, -48889.16, 43.32, -19.02, 172.28
5610, -123.84, -189.09, 1091.25, -28343.20, -25100.71, -49407.96, 43.32, -19.02, 172.28
5640, 39.43, -182.56, 1096.50, -29792.79, -25749.21, -42648.32, 43.30, -19.01, 172.31
5670, 50.35, -207.28, 1154.24, -28770.45, -17814.64, -40275.57, -137.10, -73.16, -56.51
5700, 5.62, -216.86, 1165.95, -28022.77, -12031.55, -39726.26, -137.10, -73.16, -56.51
5730, -58.72, -238.04, 1181.76, -27893.07, -16342.16, -38200.38, -137.10, -73.16, -56.51
5760, -17.46, -258.36, 1158.51, -26710.51, -26000.98, -36994.93, -137.19, -73.14, -56.45
5790, 27.71, -287.84, 1107.73, -26519.78, -30586.24, -36598.21, -96.48, 7.51, 171.69
5820, 113.40, -291.99, 1093.26, -25146.48, -28045.65, -40695.19, -96.48, 7.51, 171.69
5850, 69.15, -291.14, 1076.66, -24955.75, -18692.02, -44982.91, -96.48, 7.51, 171.69
5880, -61.28, -299.26, 1056.95, -24291.99, -15602.11, -49697.88, -96.47, 7.51, 171.69
5910, -67.69, -294.25, 1096.68, -22880.55, -22598.27, -55046.08, -174.83, 17.38, 36.28
5940, 11.84, -260.44, 1102.29, -20401.00, -27030.95, -58174.13, -174.83, 17.38, 36.28
5970, 31.80, -222.72, 1095.76, -17303.47, -24711.61, -61119.08, -174.83, 17.38, 36.28
6000, 6.59, -206.91, 1108.46, -15144.35, -25863.65, -58753.97, -174.84, 17.38, 36.26
6030, 82.09, -155.40, 1114.87, -12748.72, -30006.41, -58074.95, 87.32, -27.14, 153.81
6060, 174.07, -89.11, 1116.39, -13610.84, -29464.72, -58364.87, 87.32, -27.14, 153.81
6090, 129.82, -102.97, 1108.89, -20576.48, -22949.22, -54061.89, 87.32, -27.14, 153.81
6120, 61.77, -171.20, 1110.78, -22811.89, -21598.82, -49980.16, 87.32, -27.14, 153.81
6150, 4.58, -206.24, 1084.47, -20019.53, -21072.39, -46844.48, 87.32, -27.15, 153.82
6180, -0.49, -208.25, 1077.82, -17654.42, -23582.46, -45852.66, 142.55, -15.99, 134.27
6210, 46.26, -204.28, 1110.66, -20706.18, -23529.05, -46936.04, 142.55, -15.99, 134.27
6240, -30.94, -215.94, 1083.31, -26588.44, -18463.13, -51200.87, 142.55, -15.99, 134.27
6270, -74.71, -252.20, 1090.58, -30097.96, -20401.00, -57769.77, 142.58, -15.99, 134.23
6300, -46.88, -275.76, 1079.28, -30738.83, -24078.37, -58876.04, -126.38, -41.18, -107.42
6330, -49.87, -279.48, 1077.15, -27488.71, -30876.16, -61668.39, -126.38, -41.18, -107.42
6360, 71.23, -223.39, 1054.99, -21430.97, -37338.26, -66261.29, -126.38, -41.18, -107.42
6390, 185.06, -150.21, 1053.96, -19592.29, -35255.43, -66894.53, -126.40, -41.19, -107.41
6420, 223.88, -169.98, 1088.87, -20973.21, -22499.08, -67550.66, -161.68, -0.40, -177.55
6450, 84.11, -183.23, 1087.71, -14808.65, -11024.47, -71228.03, -161.68, -0.40, -177.55
6480, -41.56, -58.72, 1119.38, -11108.40, -12069.70, -69389.34, -161.68, -0.40, -177.55
6510, -88.50, -13.43, 1076.35, -20515.44, -15045.17, -58395.39, -161.66, -0.41, -177.54
6540, -71.53, -33.87, 1101.26, -26603.70, -22171.02, -55389.41, 151.92, 41.75, -65.39
6570, -32.47, -85.88, 1058.53, -28892.52, -24536.13, -51506.04, 151.92, 41.75, -65.39
6600, 66.89, -102.42, 1107.67, -28526.31, -23048.40, -47332.77, 151.92, 41.75, -65.39
6630, 88.13, -153.81, 1150.09, -24520.88, -17349.24, -43045.04, 151.91, 41.72, -65.35
6660, -23.44, -154.05, 1111.51, -15312.20, -16944.88, -43861.39, -48.37, 73.87, 143.15
6690, 45.47, -87.22, 1132.69, -15670.78, -22438.05, -39520.27, -48.37, 73.87, 143.15
6720, 34.36, -108.03, 1099.06, -20980.84, -22468.57, -39932.25, -48.37, 73.87, 143.15
6750, 51.88, -132.32, 1129.46, -24848.94, -23246.77, -43396.00, -48.37, 73.87, 143.15
6780, -3.66, -186.71, 1147.83, -27214.05, -21835.33, -44906.62, -48.45, 73.90, 143.09
6810, -3.23, -197.88, 1124.94, -23521.42, -26924.13, -47523.50, -132.68, 2.50, 174.37
6840, 22.52, -139.53, 1095.21, -23910.52, -32264.71, -50895.69, -132.68, 2.50, 174.37
6870, 49.01, -164.67, 1054.26, -28869.63, -35148.62, -51002.50, -132.68, 2.50, 174.37
6900, 49.87, -162.48, 1021.36, -29823.30, -36918.64, -52566.53, -132.66, 2.49, 174.37
6930, 62.68, -148.32, 998.66, -32257.08, -38925.17, -55221.56, 174.43, 10.24, -51.89
6960, 94.54, -177.25, 993.23, -34225.46, -36125.18, -58074.95, 174.43, 10.24, -51.89
6990, 218.63, -149.41, 1086.12, -31562.80, -28442.38, -58418.27, 174.43, 10.24, -51.89
7020, 134.46, -130.00, 1093.26, -29815.67, -14564.51, -54885.86, 174.40, 10.22, -51.88
7050, 26.12, -125.85, 1124.94, -29098.51, -8041.38, -54885.86, 151.04, 52.43, -54.37
7080, -51.64, -127.81, 1158.81, -31150.82, -9986.88, -56289.67, 151.04, 52.43, -54.37
7110, -160.83, -176.03, 1119.26, -33805.85, -16502.38, -52490.23, 151.04, 52.43, -54.37
7140, -76.35, -208.44, 1120.85, -30189.51, -28945.92, -46073.91, 151.04, 52.40, -54.33
7170, 64.88, -181.34, 1062.01, -29357.91, -30883.79, -40992.74, -62.78, 56.50, 144.08
7200, 105.04, -212.22, 1065.31, -30586.24, -25772.09, -40359.50, -62.78, 56.50, 144.08
7230, 117.80, -188.11, 1063.60, -31028.75, -20988.46, -41091.92, -62.78, 56.50, 144.08
7260, 78.13, -231.81, 1108.76, -36376.95, -16868.59, -40252.69, -62.82, 56.53, 144.05
7290, 37.96, -304.44, 1138.55, -35224.91, -12786.87, -39596.56, -167.74, 0.92, 171.78
7320, -79.41, -336.12, 1105.71, -29594.42, -13931.27, -41999.82, -167.74, 0.92, 171.78
7350, -105.10, -358.64, 1066.83, -21278.38, -24330.14, -45112.61, -167.74, 0.92, 171.78
7380, 89.05, -271.97, 1045.84, -12023.93, -33668.52, -46394.35, -167.74, 0.92, 171.78
7410, 240.36, -167.18, 1064.15, -8758.54, -30128.48, -51338.20, -167.71, 0.90, 171.79
7440, 211.79, -129.76, 1053.22, -14297.49, -20629.88, -54595.95, 160.09, 22.07, -82.28
7470, 171.14, -147.89, 1102.42, -17288.21, -19004.82, -55397.04, 160.09, 22.07, -82.28
7500, 92.90, -117.19, 1070.07, -16853.33, -15449.52, -57388.30, 160.09, 22.07, -82.28
7530, -37.05, -164.86, 1054.50, -18905.64, -15251.16, -51651.00, 160.08, 22.03, -82.26
7560, -0.49, -189.45, 1127.32, -15251.16, -21568.30, -46768.19, 158.41, 81.34, -24.36
7590, -7.75, -181.40, 1096.37, -12840.27, -21591.19, -45852.66, 158.41, 81.34, -24.36
7620, -1.28, -194.89, 1104.43, -13183.59, -24826.05, -43418.88, 158.41, 81.34, -24.36
7650, 136.41, -141.24, 1169.19, -15983.58, -23002.63, -44502.26, 158.45, 81.31, -24.29
7680, 67.75, -175.11, 1154.05, -25047.30, -12687.68, -47027.59, -100.37, 18.76, 157.80
7710, -265.50, -280.27, 1130.37, -29243.47, -18905.64, -54870.61, -100.37, 18.76, 157.80
7740, -133.12, -248.23, 1106.38, -26222.23, -38139.34, -58631.90, -100.37, 18.78, 157.79
7770, -23.19, -202.51, 1049.38, -24147.03, -42572.02, -63888.55, 125.77, -43.95, 102.84
7800, 75.07, -161.74, 1044.92, -21102.91, -43853.76, -69236.76, 125.77, -43.95, 102.84
7830, 169.56, -89.23, 1039.86, -16311.65, -38337.71, -72692.88, 125.77, -43.95, 102.84
7860, 197.63, -31.86, 1049.38, -16769.41, -21842.96, -66856.38, 125.77, -43.95, 102.84
7890, 47.61, -41.99, 1066.53, -19676.21, -12229.92, -57556.15, 125.84, -43.94, 102.74
7920, 8.85, -40.47, 1111.27, -18768.31, -14549.26, -51895.14, -93.23, -31.78, -146.80
7950, 15.81, -35.34, 1110.23, -22117.62, -14900.21, -48652.65, -93.23, -31.78, -146.80
7980, -41.69, -66.47, 1115.36, -26161.19, -17189.03, -44578.55, -93.23, -31.78, -146.80
8010, -61.28, -111.33, 1091.43, -27412.41, -22644.04, -43869.02, -93.24, -31.78, -146.78
8040, -57.50, -143.37, 1047.00, -26084.90, -27038.57, -42655.95, 145.98, -41.01, 77.53
8070, 11.17, -160.58, 1053.53, -25199.89, -29747.01, -39505.00, 145.98, -41.01, 77.53
8100, 169.74, -178.77, 1119.08, -25558.47, -23109.44, -38421.63, 145.98, -41.01, 77.53
8130, 21.67, -198.36, 1132.20, -20286.56, -13725.28, -43441.77, 146.03, -40.97, 77.45
8160, -58.29, -177.06, 1132.26, -17547.61, -15014.65, -43266.30, -100.00, -33.02, -141.46
8190, 26.06, -134.64, 1149.60, -21148.68, -25199.89, -44532.78, -100.00, -33.02, -141.46
8220, 95.70, -113.71, 1125.98, -26901.25, -29052.73, -53253.17, -100.00, -33.02, -141.46
8250, 72.57, -141.42, 1085.27, -29991.15, -31326.29, -57891.84, -100.01, -33.02, -141.44
8280, 99.30, -143.19, 1069.58, -31806.95, -28259.28, -55885.32, 147.05, -23.11, 109.63
8310, 85.08, -149.48, 1089.05, -32173.16, -20797.73, -54069.52, 147.05, -23.11, 109.63
8340, -39.61, -169.49, 1065.00, -29640.20, -13549.80, -54672.24, 147.05, -23.11, 109.63
8370, -202.88, -185.36, 1048.40, -27763.37, -13809.20, -51200.87, 147.10, -23.09, 109.56
8400, -174.56, -203.06, 1066.35, -24765.02, -20416.26, -45684.81, -84.19, -46.51, -137.95
8430, -110.41, -179.32, 1089.29, -20744.32, -23551.94, -42999.27, -84.19, -46.51, -137.95
8460, 69.82, -143.98, 1143.74, -18600.46, -33638.00, -41076.66, -84.19, -46.51, -137.95
8490, 290.65, -94.60, 1161.80, -20248.41, -29685.97, -36575.32, -84.22, -46.51, -137.94
8520, 234.07, -156.86, 1153.56, -28144.84, -18173.22, -25848.39, -152.76, 22.44, 102.64
8550, 229.43, -238.28, 1185.91, -31517.03, -12565.61, -21171.57, -152.76, 22.44, 102.64
8580, 37.29, -299.26, 1126.71, -34034.73, 831.60, -25787.35, -152.76, 22.44, 102.64
8610, -176.88, -358.34, 1174.26, -34202.57, -1358.03, -38078.31, -152.76, 22.46, 102.59
8640, -259.22, -405.40, 1130.55, -28953.55, -16883.85, -46836.85, 22.36, -62.89, 165.86
8670, -143.98, -386.41, 1101.56, -18676.76, -30426.03, -51223.75, 22.36, -62.89, 165.86
8700, 17.58, -287.84, 1104.13, -8728.03, -34248.35, -55923.46, 22.36, -62.89, 165.86
8730, -16.60, -235.96, 1029.24, -8148.19, -28945.92, -55549.62, 22.36, -62.89, 165.86
8760, 18.43, -215.09, 1091.74, -8453.37, -34141.54, -55908.20, 22.33, -62.91, 165.87
8790, 268.49, -102.72, 1154.17, -9170.53, -36521.91, -59288.02, -103.22, 39.08, 132.19
8820, 201.54, -86.36, 1100.46, -19630.43, -22850.04, -57708.74, -103.22, 39.08, 132.19
8850, 78.00, -181.03, 1137.08, -28152.46, -18127.44, -53794.86, -103.22, 39.08, 132.19
8880, 44.31, -183.47, 1120.97, -27496.34, -19989.01, -58135.98, -103.23, 39.10, 132.16
8910, -80.38, -232.73, 1076.60, -29579.16, -24726.87, -56228.64, 107.46, -24.56, 146.63
8940, 30.94, -253.42, 1066.89, -27511.60, -35339.36, -53565.98, 107.46, -24.56, 146.63
8970, 180.79, -220.95, 1054.26, -27870.18, -33660.89, -52597.05, 107.46, -24.56, 146.63
9000, 120.48, -269.59, 1039.49, -31227.11, -19454.96, -53787.23, 107.48, -24.57, 146.62
9030, -23.38, -297.00, 1056.27, -31028.75, -14060.97, -56480.41, -159.13, -9.31, -133.43
9060, 38.51, -272.40, 1116.46, -31661.99, -14877.32, -59501.65, -159.13, -9.31, -133.43
9090, -49.99, -296.14, 1090.03, -32402.04, -10543.82, -65483.09, -159.13, -9.31, -133.43
9120, -140.26, -295.65, 1125.24, -27381.90, -14938.35, -71945.19, -159.13, -9.31, -133.40
9150, 51.70, -193.42, 1166.14, -22483.83, -23178.10, -74203.49, 23.68, 20.90, -175.46
9180, 135.80, -131.23, 1235.72, -23551.94, -15678.41, -75447.09, 23.68, 20.90, -175.46
9210, -24.78, -133.67, 1229.49, -22369.38, -6553.65, -80055.23, 23.68, 20.90, -175.46
9240, -248.05, -131.59, 1173.89, -19645.69, -13999.94, -70510.87, 23.68, 20.93, -175.43
9270, -169.56, -95.15, 1177.06, -22422.79, -30273.44, -57739.26, -82.27, -18.59, -163.90
9300, -76.60, -129.15, 1104.13, -26863.10, -26474.00, -58059.69, -82.27, -18.59, -163.90
9330, -202.27, -160.71, 1104.55, -24497.99, -32867.43, -56335.45, -82.27, -18.59, -163.90
9360, -30.33, -124.21, 1101.56, -22209.17, -43098.45, -53489.68, -82.27, -18.59, -163.90
9390, 181.21, -80.51, 1136.90, -22995.00, -40298.46, -53123.47, -82.28, -18.60, -163.89
9420, 224.43, -101.50, 1170.53, -23460.39, -20225.53, -52703.86, 106.98, -19.37, 153.74
9450, -94.97, -142.58, 1157.23, -18699.65, -15853.88, -46318.05, 106.98, -19.37, 153.74
9480, -103.82, -107.30, 1121.15, -18249.51, -31349.18, -44174.20, 107.00, -19.38, 153.74
9510, 20.14, -97.29, 1088.50, -25016.79, -39054.87, -45921.32, 157.34, 7.51, -142.86
9540, 66.47, -120.06, 1076.35, -28312.68, -37239.07, -47508.24, 157.34, 7.51, -142.86
9570, 56.21, -154.54, 1079.28, -30761.72, -32287.60, -42678.83, 157.34, 7.51, -142.86
9600, 60.79, -196.23, 1082.40, -32127.38, -31715.39, -38589.48, 157.35, 7.50, -142.82
9630, 55.85, -227.72, 1069.27, -31250.00, -27107.24, -40679.93, 20.72, 48.43, -170.33
9660, 2.26, -221.13, 1081.79, -30265.81, -22727.97, -45669.55, 20.72, 48.43, -170.33
9690, -90.09, -227.72, 1071.53, -33370.97, -24444.58, -47286.99, 20.72, 48.43, -170.33
9720, 31.98, -251.71, 1123.17, -34217.84, -31021.12, -51315.31, 20.72, 48.43, -170.33
9750, 76.72, -221.25, 1113.77, -29060.36, -28610.23, -56823.73, 20.74, 48.46, -170.29
9780, 84.35, -211.55, 1136.47, -28396.61, -24086.00, -49491.88, -76.98, 4.47, 176.48
9810, 49.19, -254.03, 1107.24, -28068.54, -18592.83, -42610.17, -76.98, 4.47, 176.48
9840, -73.00, -291.38, 1070.25, -26954.65, -15846.25, -41809.08, -76.98, 4.47, 176.48
9870, -103.21, -321.35, 1100.77, -25657.65, -20874.02, -43205.26, -76.99, 4.48, 176.48
9900, -17.09, -309.08, 1111.27, -20935.06, -28602.60, -47981.26, -98.26, 1.01, 178.82
9930, 100.10, -265.01, 1143.01, -17417.91, -29258.73, -49453.73, -98.26, 1.01, 178.82
9960, 157.71, -221.92, 1185.97, -14991.76, -27359.01, -53268.43, -98.26, 1.01, 178.82
9990, 183.65, -163.39, 1203.19, -13641.36, -23864.75, -56373.60, -98.25, 1.00, 178.82
10020, 48.52, -169.92, 1132.69, -17944.34, -14335.63, -49423.22, 151.53, 47.80, -58.58
10050, -77.45, -212.71, 1114.81, -21743.77, -17021.18, -45501.71, 151.53, 47.80, -58.58
10080, -73.30, -241.21, 1087.95, -24017.33, -27778.63, -50811.77, 151.53, 47.80, -58.58
10110, -49.19, -259.77, 1029.54, -24528.50, -34126.28, -58372.50, 151.52, 47.76, -58.55
10140, -1.34, -263.00, 999.39, -22537.23, -35339.36, -62698.36, -74.80, 69.96, 124.20
10170, 91.61, -224.49, 1057.43, -18112.18, -33164.98, -64414.98, -74.80, 69.96, 124.20
10200, 155.33, -148.32, 1087.04, -16052.25, -28068.54, -64750.67, -74.80, 69.96, 124.20
10230, 91.49, -146.79, 1108.15, -21118.16, -22171.02, -61073.30, -74.89, 69.98, 124.12
10260, 106.81, -166.63, 1159.97, -26138.30, -20637.51, -59211.73, -160.03, 1.09, 173.98
10290, -2.14, -177.25, 1113.10, -30845.64, -23468.02, -61065.67, -160.03, 1.09, 173.98
10320, 105.90, -172.97, 1129.27, -37292.48, -33950.80, -62759.40, -160.03, 1.09, 173.98
10350, 156.80, -208.50, 1055.42, -44960.02, -34591.68, -67001.34, -160.03, 1.09, 173.98
10380, 106.57, -259.28, 1012.27, -48866.27, -33706.66, -71327.21, -160.00, 1.07, 174.00
10410, 93.57, -298.89, 986.27, -51551.82, -27404.79, -73028.56, 152.19, 35.66, -73.97
10440, 39.06, -337.28, 1005.19, -47813.41, -17173.77, -78681.95, 152.19, 35.66, -73.97
10470, -127.08, -305.30, 1008.73, -40985.11, -5218.51, -86494.45, 152.19, 35.66, -73.97
10500, -207.64, -256.35, 1141.48, -34973.14, -8499.15, -88905.34, 152.18, 35.63, -73.94
10530, -181.34, -172.30, 1138.49, -27069.09, -22819.52, -84198.00, -1.73, 80.02, 179.03
10560, 17.46, -74.71, 1148.62, -21141.05, -38940.43, -79307.55, -1.73, 80.02, 179.03
10590, 338.81, 1.10, 1151.67, -18997.19, -39482.12, -74890.14, -1.73, 80.02, 179.03
10620, 304.93, 46.33, 1094.06, -19813.54, -19485.47, -69290.16, -1.74, 80.06, 179.05
10650, 193.36, 73.79, 1131.23, -21362.30, -11413.57, -60264.59, -106.91, -3.68, -175.10
10680, 132.08, 17.03, 1093.51, -27267.46, 2769.47, -43281.55, -106.91, -3.68, -175.10
10710, -129.82, -88.99, 1090.15, -26702.88, 11207.58, -35911.56, -106.91, -3.68, -175.10
10740, -368.23, -119.08, 1056.09, -22377.01, 1403.81, -38253.79, -106.91, -3.67, -175.09
10770, -410.03, -119.26, 1035.83, -19866.94, -23292.54, -38658.14, -125.03, 41.28, 108.83
10800, -185.42, -93.32, 992.55, -17845.15, -38475.04, -36811.83, -125.03, 41.28, 108.83
10830, 65.55, -57.56, 1045.29, -17135.62, -38787.84, -29655.46, -125.03, 41.28, 108.83
10860, 259.28, -44.31, 1108.46, -16593.93, -26916.50, -23345.95, -125.05, 41.29, 108.78
10890, 246.46, -70.43, 1174.50, -13710.02, -16410.83, -19783.02, 68.44, -1.58, 178.92
10920, 181.15, -105.53, 1161.99, -13946.53, -9284.97, -10864.26, 68.44, -1.58, 178.92
10950, 90.15, -134.64, 1234.31, -14869.69, -7621.77, -11253.36, 68.44, -1.58, 178.92
10980, -64.94, -182.98, 1181.58, -16403.20, -4981.99, -18218.99, 68.44, -1.58, 178.92
11010, -220.83, -226.50, 1139.89, -15625.00, -16944.88, -25581.36, 68.43, -1.56, 178.96
11040, -110.53, -207.89, 1060.06, -15632.63, -31669.62, -31112.67, -29.76, -23.80, -173.73
11070, -22.95, -179.57, 995.24, -19302.37, -33737.18, -36384.58, -29.76, -23.80, -173.73
11100, 6.65, -178.77, 993.10, -24627.69, -28182.98, -39169.31, -29.76, -23.80, -173.73
11130, -50.54, -210.45, 1026.25, -28282.17, -16830.45, -38841.25, -29.78, -23.79, -173.71
11160, -156.31, -238.59, 1066.59, -29365.54, -14221.19, -34507.75, -167.00, -33.07, -43.74
11190, 34.06, -272.40, 1124.94, -26756.29, -33187.87, -32333.38, -167.00, -33.07, -43.74
11220, 324.77, -200.99, 1225.10, -29067.99, -26397.71, -36224.37, -167.04, -33.07, -43.72
11250, 146.12, -277.89, 1218.93, -35209.66, -13336.18, -37696.84, -158.91, -14.25, -113.68
11280, 56.46, -347.11, 1245.06, -36903.38, -17791.75, -41526.79, -158.91, -14.25, -113.68
11310, 76.42, -351.93, 1191.53, -34042.36, -25177.00, -54992.68, -158.91, -14.25, -113.68
11340, -42.54, -336.55, 1083.74, -31761.17, -25550.84, -64796.45, -158.92, -14.26, -113.66
11370, -144.35, -325.87, 1018.74, -31105.04, -27740.48, -69206.23, 39.88, 8.39, -176.91
11400, -70.86, -286.07, 1026.61, -30059.81, -29571.53, -73745.73, 39.88, 8.39, -176.91
11430, -38.64, -252.87, 1062.19, -28297.42, -27549.74, -73120.12, 39.88, 8.39, -176.91
11460, 21.79, -257.57, 1100.89, -23147.58, -25497.44, -64117.43, 39.87, 8.41, -176.87
11490, 122.25, -177.73, 1142.46, -15136.72, -26214.60, -60852.05, -42.24, -23.28, -171.05
11520, 194.89, -98.88, 1164.43, -12367.25, -23826.60, -65750.13, -42.24, -23.28, -171.05
11550, 87.16, -80.44, 1117.74, -16273.50, -18508.91, -63644.41, -42.24, -23.28, -171.05
11580, 71.29, -67.26, 1108.58, -18424.99, -20706.18, -59745.79, -42.24, -23.28, -171.05
11610, 84.47, -107.97, 1103.88, -23666.38, -17379.76, -48934.94, -42.26, -23.27, -171.03
11640, -36.62, -219.67, 1067.20, -24726.87, -10749.82, -40718.08, -170.46, -40.69, -26.89
11670, -81.30, -250.67, 1080.44, -20317.08, -12802.12, -38787.84, -170.46, -40.69, -26.89
11700, -42.05, -235.72, 1075.01, -17883.30, -10932.92, -40191.65, -170.46, -40.69, -26.89
11730, -86.00, -262.76, 1132.08, -18417.36, -8972.17, -40527.34, -170.50, -40.67, -26.88
11760, -48.65, -229.19, 1172.55, -14312.74, -9803.77, -46157.84, -148.30, -16.79, -125.93
11790, -83.56, -150.51, 1185.06, -11901.86, -10124.21, -54107.66, -148.30, -16.79, -125.93
11820, -129.39, -134.16, 1171.14, -13954.16, -16510.01, -53527.83, -148.30, -16.79, -125.93
11850, -16.30, -95.89, 1186.34, -15968.32, -26344.30, -51872.25, -148.31, -16.80, -125.90
11880, 98.88, -78.06, 1193.97, -17105.10, -26489.26, -50590.52, 44.55, 18.52, -172.25
11910, -1.28, -97.05, 1153.08, -17547.61, -17707.82, -46295.16, 44.55, 18.52, -172.25
11940, -142.88, -134.89, 1112.61, -18318.18, -17349.24, -39886.48, 44.55, 18.52, -172.25
11970, -51.94, -160.16, 1149.60, -19203.19, -23834.23, -36270.14, 44.55, 18.54, -172.21
12000, -48.65, -163.76, 1146.24, -18188.48, -16113.28, -42976.38, -47.06, -16.03, -173.08
12030, -192.57, -162.66, 1151.98, -15113.83, -19889.83, -44807.43, -47.06, -16.03, -173.08
12060, -102.17, -111.33, 1152.40, -14472.96, -36323.55, -40184.02, -47.06, -16.03, -173.08
12090, 180.30, -70.92, 1179.99, -21163.94, -40023.80, -39566.04, -47.08, -16.03, -173.07
12120, 179.20, -116.70, 1130.80, -24925.23, -27008.06, -45600.89, 175.93, -47.36, 7.92
12150, 45.23, -163.94, 1135.56, -24154.66, -21369.93, -40451.05, 175.93, -47.36, 7.92
12180, -8.67, -191.10, 1104.37, -24902.34, -19813.54, -32157.90, 175.93, -47.36, 7.92
12210, -34.48, -203.43, 1099.61, -27893.07, -20248.41, -38551.33, 175.93, -47.36, 7.92
12240, -134.95, -212.95, 1104.86, -27954.10, -28503.42, -51063.54, 175.90, -47.31, 7.92
12270, -14.16, -208.31, 1121.40, -28770.45, -33226.01, -49171.45, -137.64, -22.17, -127.03
12300, -3.97, -211.06, 1116.21, -24398.80, -30456.54, -47431.95, -137.64, -22.17, -127.03
12330, 27.22, -153.02, 1128.72, -22842.41, -31768.80, -48896.79, -137.64, -22.17, -127.03
12360, 149.78, -134.77, 1135.01, -25787.35, -29396.06, -48759.46, -137.65, -22.18, -127.01
12390, 89.54, -161.68, 1135.68, -29510.50, -17837.52, -46081.54, 62.21, 2.92, -178.23
12420, -53.10, -224.67, 1138.24, -30433.65, -10276.79, -42213.44, 62.21, 2.92, -178.23
12450, -247.86, -284.97, 1046.51, -29129.03, -14625.55, -39360.05, 62.21, 2.92, -178.23
12480, 32.35, -273.07, 1173.40, -26115.42, -35148.62, -40916.44, 62.20, 2.93, -178.19
12510, 317.38, -211.73, 1237.61, -27709.96, -14144.90, -42839.05, 1.53, -20.59, 179.61
12540, -201.29, -302.98, 1166.69, -25383.00, 6546.02, -46966.55, 1.53, -20.59, 179.61
12570, -252.26, -348.08, 1222.84, -19416.81, -15846.25, -41191.10, 1.53, -20.59, 179.61
12600, 4.21, -268.62, 1185.73, -15747.07, -23597.72, -39360.05, 1.50, -20.58, 179.64
12630, -78.61, -273.13, 1163.09, -17311.10, -26145.94, -47004.70, -154.42, -48.28, -54.83
12660, -39.43, -253.05, 1093.75, -13366.70, -34690.86, -52955.63, -154.42, -48.28, -54.83
12690, 111.39, -171.39, 1101.14, -15167.24, -33569.34, -50643.92, -154.42, -48.28, -54.83
12720, 110.17, -179.14, 1110.05, -24848.94, -22033.69, -46806.34, -154.46, -48.27, -54.81
12750, 17.09, -245.73, 1139.59, -28511.05, -17059.33, -48706.05, -121.36, -15.47, -153.11
12780, -20.51, -250.18, 1158.51, -31616.21, -16174.32, -49972.54, -121.36, -15.47, -153.11
12810, -84.29, -315.80, 1201.11, -35278.32, -12985.23, -50765.99, -121.36, -15.47, -153.11
12840, -180.91, -351.62, 1187.44, -28884.89, -22209.17, -60096.74, -121.36, -15.47, -153.11
12870, 28.02, -258.00, 1196.23, -19927.98, -37223.82, -64888.00, -121.36, -15.48, -153.09
12900, 238.04, -133.00, 1198.24, -18196.11, -25299.07, -62500.00, 84.36, 27.85, -154.43
12930, -107.30, -228.21, 1130.00, -20446.78, -10162.35, -51322.94, 84.36, 27.85, -154.43
12960, -170.53, -234.92, 1121.58, -19416.81, -13587.95, -49217.22, 84.38, 27.86, -154.37
12990, -229.92, -251.22, 1112.30, -18882.75, -17509.46, -49720.77, -29.06, 23.20, 174.03
13020, -228.76, -267.58, 1116.88, -18074.04, -21461.49, -51666.26, -29.06, 23.20, 174.03
13050, -156.86, -234.31, 1101.32, -13626.10, -28968.81, -53276.06, -29.06, 23.20, 174.03
13080, 10.62, -169.01, 1120.85, -10780.33, -36422.73, -50552.37, -29.07, 23.23, 174.04
13110, 206.54, -112.49, 1158.39, -13267.52, -33470.15, -46081.54, -126.72, -27.12, -129.22
13140, 191.59, -123.17, 1160.52, -18684.39, -21522.52, -44166.57, -126.72, -27.12, -129.22
13170, 68.30, -204.22, 1146.48, -24101.26, -16571.04, -40039.06, -126.72, -27.12, -129.22
13200, 57.25, -239.01, 1152.10, -24703.98, -19569.40, -43312.07, -126.73, -27.13, -129.19
13230, 7.75, -263.67, 1100.89, -26245.12, -14129.64, -47912.60, 69.64, -21.14, 165.04
13260, -150.15, -307.92, 1071.53, -25817.87, -13008.12, -53451.54, 69.64, -21.14, 165.04
13290, -245.24, -315.06, 1043.58, -22415.16, -22598.27, -59524.54, 69.64, -21.14, 165.04
13320, -25.21, -241.82, 1091.86, -19775.39, -32577.52, -65444.95, 69.63, -21.14, 165.07
13350, 57.07, -169.92, 1057.86, -21514.89, -25115.97, -69717.41, 63.69, -75.73, 127.93
13380, -18.86, -168.46, 1075.44, -27366.64, -21163.94, -70259.09, 63.69, -75.73, 127.93
13410, 149.23, -148.19, 1153.02, -33302.31, -18104.55, -67169.19, 63.69, -75.73, 127.93
13440, 82.64, -160.77, 1165.53, -40740.97, -6004.33, -68130.49, 63.69, -75.73, 127.93
13470, -89.29, -212.40, 1167.91, -44326.78, -6011.96, -72364.80, 63.75, -75.75, 127.84
13500, -108.83, -248.84, 1207.64, -46188.36, -11634.83, -70365.91, -77.12, 18.08, 165.70
13530, -149.78, -279.85, 1216.61, -44654.85, -10047.91, -67703.25, -77.12, 18.08, 165.70
13560, -273.86, -319.58, 1178.22, -39367.68, -13450.62, -71495.05, -77.12, 18.08, 165.70
13590, -305.54, -319.82, 1164.92, -30776.98, -26885.99, -71716.31, -77.11, 18.10, 165.70
13620, -157.35, -242.13, 1113.53, -24612.43, -32325.74, -69580.08, 162.84, -8.22, 127.55
13650, -39.67, -169.86, 1122.68, -21995.54, -29388.43, -69892.88, 162.84, -8.22, 127.55
13680, -22.46, -141.60, 1155.64, -26069.64, -14312.74, -62629.70, 162.84, -8.22, 127.55
13710, -134.64, -160.22, 1217.83, -28289.79, -8857.73, -57281.49, 162.88, -8.21, 127.51
13740, -123.35, -180.42, 1256.84, -31028.75, -11131.29, -55519.11, -106.10, -55.78, -110.30
13770, -156.86, -208.98, 1308.84, -30181.88, -10154.72, -54672.24, -106.10, -55.78, -110.30
13800, -226.62, -223.21, 1303.71, -27046.20, -6927.49, -53390.50, -106.10, -55.78, -110.30
13830, -324.40, -243.47, 1313.78, -23292.54, -18554.69, -50621.03, -106.13, -55.77, -110.29
13860, -266.78, -212.83, 1217.65, -17913.82, -31745.91, -50178.53, -132.37, 41.64, 99.29
13890, -108.28, -169.13, 1208.86, -15098.57, -41557.31, -48065.19, -132.37, 41.64, 99.29
13920, 131.59, -91.37, 1219.54, -15052.79, -36109.93, -45883.18, -132.37, 41.64, 99.29
13950, -151.49, -156.37, 1139.04, -24955.75, -9979.25, -39825.44, -132.40, 41.66, 99.24
13980, -266.85, -218.44, 1163.94, -28396.61, -11596.68, -37338.26, 77.84, -39.77, 147.12
14010, -187.19, -234.92, 1191.96, -30082.70, -16609.19, -38314.82, 77.84, -39.77, 147.12
14040, -169.31, -252.38, 1233.46, -28808.59, -17318.73, -40763.86, 77.84, -39.77, 147.12
14070, -82.70, -229.00, 1271.79, -24353.03, -21324.16, -41664.13, 77.83, -39.79, 147.12
14100, 3.97, -193.24, 1332.70, -24101.26, -13427.73, -42633.05, -147.05, 37.54, 83.13
14130, 1.59, -180.48, 1421.57, -23704.53, -6958.01, -42411.80, -147.05, 37.54, 83.13
14160, -293.15, -260.86, 1373.60, -26435.85, 1213.07, -41801.45, -147.05, 37.54, 83.13
14190, -297.00, -220.95, 1393.31, -20683.29, -17814.64, -46585.08, -147.08, 37.55, 83.08
14220, -236.63, -208.19, 1386.11, -20050.05, -22949.22, -43800.36, 66.44, -35.89, 155.80
14250, -243.23, -209.59, 1336.24, -18486.02, -16517.64, -38513.18, 66.44, -35.89, 155.80
14280, -338.62, -240.42, 1289.06, -20301.82, -12023.93, -34690.86, 66.44, -35.89, 155.80
14310, -427.31, -259.64, 1308.17, -20553.59, -18066.41, -36262.51, 66.44, -35.89, 155.80
14340, -512.70, -307.43, 1213.44, -20095.82, -33393.86, -36781.31, 66.42, -35.89, 155.82
14370, -330.51, -284.36, 1144.53, -16448.97, -58113.10, -40771.48, -176.59, -17.47, -25.62
14400, 33.26, -203.49, 1178.59, -17219.54, -66398.62, -45372.01, -176.59, -17.47, -25.62
14430, 249.45, -154.79, 1224.24, -22056.58, -44502.26, -48431.40, -176.59, -17.47, -25.62
14460, 4.15, -226.62, 1249.51, -30502.32, -16319.28, -44593.81, -176.63, -17.46, -25.61
14490, -15.75, -238.71, 1309.14, -31425.48, -8689.88, -48950.20, -180.43, -0.15, -88.10
14520, -229.00, -290.65, 1344.67, -36682.13, 3479.00, -48881.53, -180.43, -0.15, -88.10
14550, -484.62, -398.80, 1330.99, -37078.86, -2975.46, -49530.03, -180.43, -0.15, -88.10
14580, -354.74, -374.51, 1417.79, -26428.22, -29876.71, -56266.79, -180.44, -0.17, -88.08
14610, -201.66, -309.33, 1311.65, -21286.01, -36163.33, -60386.66, 138.09, 54.28, -72.69
14640, 21.73, -204.04, 1308.53, -17295.84, -34370.42, -65971.38, 138.09, 54.28, -72.69
14670, -76.60, -184.45, 1272.28, -19561.77, -17692.57, -66978.45, 138.10, 54.26, -72.64
14700, -207.21, -223.94, 1264.71, -19577.03, -10314.94, -63262.94, -31.88, 44.72, 166.85
14730, -311.34, -201.17, 1363.59, -16044.62, -9887.70, -57662.96, -31.88, 44.72, 166.85
14760, -407.04, -197.75, 1297.67, -15625.00, -12557.98, -51315.31, -31.88, 44.72, 166.85
14790, -457.76, -197.39, 1333.68, -14022.83, -30052.19, -43243.41, -31.90, 44.76, 166.85
14820, -265.56, -195.62, 1253.36, -15548.71, -38383.48, -39047.24, -144.88, -4.37, -166.52
14850, -93.75, -168.27, 1352.36, -12855.53, -29396.06, -42419.43, -144.88, -4.37, -166.52
14880, -175.42, -137.39, 1330.87, -7499.69, -18341.06, -42037.96, -144.88, -4.37, -166.52
14910, -310.06, -126.16, 1293.52, -4219.06, -18188.48, -30296.33, -144.88, -4.37, -166.52
14940, -243.41, -119.45, 1269.47, -7942.20, -15533.45, -14007.57, -144.87, -4.38, -166.50
14970, -320.43, -203.98, 1248.17, -12924.19, -18692.02, -4287.72, 70.40, 61.55, -133.99
15000, -232.18, -236.82, 1263.73, -15159.61, -19729.61, -10429.38, 70.40, 61.55, -133.99
