30, -343.51, -226.99, 1220.28, -9788.51, -22460.94, -16242.98, 22.21, 4.46, -179.11
60, -260.68, -446.66, 1311.52, -16677.86, -17219.54, -12641.91, -126.95, 3.90, 172.28
90, -239.81, -421.20, 1322.45, -14854.43, -28396.61, -19172.67, -126.95, 3.90, 172.28
120, 50.23, -386.90, 1369.81, -28175.35, -28068.54, -29006.96, -126.95, 3.90, 172.28
150, -80.99, -460.21, 1401.55, -23475.65, -15739.44, -33523.56, -126.95, 3.92, 172.28
180, -109.80, -598.33, 1323.49, -20797.73, -18333.44, -37094.12, -153.60, -1.25, -174.85
210, -183.53, -561.89, 1381.04, 10627.75, -4577.64, -24337.77, -153.60, -1.25, -174.85
240, -291.38, -456.79, 1301.45, 22483.83, -4867.55, -25321.96, -153.60, -1.25, -174.85
270, -344.06, -439.27, 1288.76, 26474.00, -15388.49, -33714.29, -153.60, -1.25, -174.85
300, -344.60, -417.79, 1132.02, 34805.30, -27557.37, -33256.53, -153.60, -1.24, -174.84
330, -52.55, -231.63, 1292.42, 22964.48, -36705.02, -35530.09, -90.46, -23.51, -156.58
360, 23.19, -267.15, 1341.19, 20111.08, -24993.90, -35430.91, -90.46, -23.51, -156.58
390, -325.87, -218.32, 1292.24, 18859.86, -7202.15, -29289.25, -90.46, -23.51, -156.58
420, -494.26, -173.10, 1208.07, 14938.35, -20637.51, -30128.48, -90.46, -23.51, -156.58
450, -418.76, -100.04, 1115.84, 12481.69, -43624.88, -36964.42, -90.47, -23.49, -156.58
480, -228.21, -10.13, 1034.61, 7118.23, -55816.65, -41572.57, 123.98, 66.55, -77.35
510, -179.99, -86.73, 1101.93, -3097.53, -55336.00, -33203.13, 123.98, 66.55, -77.35
540, -11.35, -235.53, 1238.34, -10238.65, -62767.03, -21224.98, 123.98, 66.55, -77.35
570, 156.07, -342.35, 1214.48, -6561.28, -37460.33, -17066.96, 123.98, 66.55, -77.35
600, 35.16, -209.11, 1291.69, 15.26, -24810.79, -25619.51, 124.05, 66.53, -77.26
630, 8.73, -148.50, 1228.03, -12275.70, -30670.17, -40618.90, -116.86, 19.96, 148.37
660, -20.57, -670.23, 1161.62, -25314.33, -25749.21, -51322.94, -116.86, 19.96, 148.37
690, -18.13, -455.44, 1261.66, 2418.52, -22125.24, -49873.35, -116.86, 19.96, 148.37
720, 0.43, -207.03, 1280.88, -3776.55, -17761.23, -53100.59, -116.86, 19.96, 148.37
750, -155.52, -130.49, 1181.82, 3952.03, -267.03, -49423.22, -116.86, 19.96, 148.37
780, -213.68, -166.32, 1323.61, -7637.02, 3143.31, -49591.06, -116.87, 19.98, 148.35
810, -351.81, -189.39, 1213.75, -16410.83, 6561.28, -54771.42, 117.36, -26.14, 137.80
840, -409.24, -217.83, 1294.56, -18905.64, -1373.29, -50338.75, 117.36, -26.14, 137.80
870, -315.67, -154.17, 1284.48, -28106.69, -11970.52, -42930.60, 117.36, -26.14, 137.80
900, -338.87, -222.90, 1321.59, -37292.48, -18188.48, -47279.36, 117.36, -26.14, 137.80
930, -446.47, -456.18, 1469.97, -39840.70, -40596.01, -56236.27, 117.39, -26.14, 137.80
960, -307.37, -542.30, 1473.57, -20690.92, -66619.88, -60890.20, 137.91, 34.46, -101.41
990, -13.12, -449.77, 1496.15, -2029.42, -61874.39, -57174.68, 137.91, 34.46, -101.41
1020, 54.44, -283.20, 1406.07, 8461.00, -46615.60, -66490.17, 137.91, 34.46, -101.41
1050, -88.44, -144.84, 1297.91, 9895.32, -34645.08, -70068.36, 137.91, 34.46, -101.41
1080, -210.14, -52.73, 1203.86, 7514.95, -32325.74, -65567.02, 137.91, 34.46, -101.41
1110, -218.26, 8.48, 1075.56, 656.13, -34606.93, -69358.83, 137.92, 34.46, -101.38
1140, -237.30, 68.66, 989.99, -7919.31, -38421.63, -70625.30, -32.37, 8.32, 177.62
1170, -255.37, 63.72, 917.79, -20820.62, -45242.31, -61058.04, -32.37, 8.32, 177.62
1200, -107.30, 4.88, 1001.95, -35469.05, -50979.61, -50201.41, -32.37, 8.32, 177.62
1230, 36.38, -79.53, 1057.43, -43655.39, -48095.70, -46867.37, -32.37, 8.32, 177.62
1260, 96.25, -129.82, 1124.02, -46463.01, -38017.27, -53108.21, -32.38, 8.35, 177.62
1290, 58.47, -159.91, 1206.73, -48255.92, -31333.92, -64910.89, -170.77, -0.36, -175.91
1320, 49.93, -198.85, 1206.60, -51010.13, -27610.78, -67108.16, -170.77, -0.36, -175.91
1350, -51.09, -260.44, 1224.61, -48851.01, -28594.97, -71609.50, -170.77, -0.36, -175.91
1380, -100.22, -265.44, 1209.41, -45265.20, -34774.78, -75103.76, -170.77, -0.36, -175.91
1410, -89.17, -262.33, 1170.96, -43701.17, -34156.80, -73829.65, -170.77, -0.36, -175.91
1440, -96.07, -240.91, 1174.19, -42808.53, -26443.48, -74226.38, -170.76, -0.35, -175.90
1470, -268.68, -237.79, 1173.89, -41481.02, -20675.66, -75492.86, -101.01, 32.11, 141.85
1500, -335.33, -273.74, 1169.19, -41755.68, -24208.07, -67344.66, -101.01, 32.11, 141.85
1530, -323.79, -297.18, 1180.79, -38490.30, -26107.79, -59959.41, -101.01, 32.11, 141.85
1560, -299.19, -274.90, 1213.01, -33569.34, -28923.04, -57647.70, -101.01, 32.11, 141.85
1590, -288.21, -244.75, 1209.29, -33554.08, -31089.78, -56198.12, -101.01, 32.11, 141.85
1620, -265.08, -285.52, 1212.28, -36399.84, -35614.02, -58074.95, -101.02, 32.14, 141.83
1650, -51.88, -262.76, 1318.05, -33302.31, -43426.52, -61180.11, 120.32, -15.25, 153.44
1680, 72.39, -191.28, 1339.05, -30555.72, -43624.88, -63804.63, 120.32, -15.25, 153.44
1710, 108.15, -146.55, 1341.06, -30914.31, -38787.84, -63560.48, 120.32, -15.25, 153.44
1740, 114.14, -166.93, 1318.36, -35110.47, -36270.14, -58296.20, 120.32, -15.25, 153.44
1770, 111.21, -199.40, 1290.89, -37452.70, -30776.98, -54412.84, 120.35, -15.26, 153.45
1800, 28.93, -194.15, 1215.94, -38352.96, -22460.94, -59143.07, 130.74, 47.98, -90.94
1830, -52.67, -255.19, 1178.41, -40374.76, -19477.84, -58174.13, 130.74, 47.98, -90.94
1860, -240.30, -326.84, 1094.85, -27755.74, -15373.23, -52993.77, 130.74, 47.98, -90.94
1890, -225.71, -286.68, 1108.46, -23200.99, -17959.59, -52268.98, 130.77, 47.97, -90.89
1920, -213.75, -214.60, 1130.55, -21591.19, -20172.12, -51155.09, -66.05, 32.09, 159.05
1950, -197.20, -190.55, 1159.73, -23918.15, -22171.02, -50621.03, -66.05, 32.09, 159.05
1980, -87.04, -195.50, 1215.15, -27969.36, -26206.97, -47195.43, -66.05, 32.09, 159.05
2010, -31.07, -206.97, 1241.52, -30059.81, -25100.71, -44593.81, -66.05, 32.09, 159.05
2040, -11.29, -213.44, 1278.38, -29953.00, -25436.40, -44746.40, -66.06, 32.12, 159.04
2070, 44.62, -221.01, 1266.85, -32157.90, -27618.41, -42793.27, 164.89, -2.48, 160.76
2100, 86.91, -269.23, 1277.71, -37361.14, -23223.88, -38627.63, 164.89, -2.48, 160.76
2130, 57.50, -351.20, 1294.37, -39627.07, -18196.11, -38215.64, 164.89, -2.48, 160.76
2160, -35.52, -412.54, 1237.92, -35537.72, -12832.64, -44754.03, 164.89, -2.48, 160.76
2190, -107.12, -448.97, 1229.31, -34271.24, -9071.35, -45593.26, 164.91, -2.48, 160.78
2220, -227.29, -491.76, 1184.45, -29457.09, -9803.77, -48950.20, 105.75, 79.07, -84.47
2250, -303.28, -499.33, 1157.78, -25886.54, -14106.75, -52734.38, 105.75, 79.07, -84.47
2280, -271.06, -466.06, 1165.22, -21171.57, -21507.26, -57266.23, 105.75, 79.07, -84.47
2310, -88.81, -361.45, 1166.63, -21202.09, -27206.42, -63690.19, 105.75, 79.07, -84.47
2340, -54.26, -354.49, 1226.07, -25375.37, -21926.88, -68191.53, 105.75, 79.07, -84.47
2370, -40.47, -369.20, 1282.90, -26786.80, -19767.76, -72227.48, 105.92, 79.05, -84.29
2400, -83.68, -378.91, 1264.83, -28587.34, -13748.17, -73768.62, -149.83, 16.78, 123.56
2430, -133.36, -405.03, 1281.98, -28137.21, -13473.51, -75401.30, -149.83, 16.78, 123.56
2460, -123.96, -364.99, 1261.29, -23017.88, -20606.99, -80856.32, -149.83, 16.78, 123.56
2490, 24.17, -244.02, 1298.65, -26428.22, -21789.55, -83267.21, -149.83, 16.78, 123.56
2520, 25.70, -234.80, 1326.23, -32844.54, -11154.17, -84220.88, -149.82, 16.79, 123.53
2550, -193.05, -309.75, 1303.71, -39237.98, 4562.38, -89935.30, -21.53, -65.26, -166.49
2580, -372.86, -351.14, 1283.51, -39489.75, 8178.71, -94879.15, -21.53, -65.26, -166.49
2610, -540.77, -366.03, 1292.91, -35011.29, -411.99, -96908.57, -21.53, -65.26, -166.49
2640, -574.46, -329.16, 1273.13, -28236.39, -18203.73, -92277.52, -21.53, -65.26, -166.49
2670, -352.84, -252.93, 1220.83, -23590.09, -39390.56, -77285.77, -21.57, -65.29, -166.46
2700, -40.53, -193.91, 1261.47, -21995.54, -47828.68, -67596.44, -153.41, 4.34, 162.21
2730, 110.90, -119.75, 1267.58, -22689.82, -41061.40, -70671.08, -153.41, 4.34, 162.21
2760, 65.25, -102.66, 1250.12, -28610.23, -28228.76, -75927.73, -153.41, 4.34, 162.21
2790, -53.34, -152.28, 1277.71, -34309.39, -19844.05, -74844.36, -153.41, 4.34, 162.21
2820, -122.80, -204.96, 1254.52, -34935.00, -16014.10, -69580.08, -153.41, 4.34, 162.21
2850, -211.73, -232.30, 1289.86, -35331.73, -16105.65, -64544.68, -153.40, 4.34, 162.21
2880, -281.86, -240.72, 1270.45, -36430.36, -20820.62, -65917.97, 171.72, -16.32, 50.37
2910, -318.30, -272.46, 1216.86, -40328.98, -29685.97, -65467.84, 171.72, -16.32, 50.37
2940, -253.54, -284.00, 1189.70, -41824.34, -35919.19, -67832.95, 171.72, -16.32, 50.37
2970, -193.66, -298.16, 1194.21, -42144.77, -38810.73, -69984.44, 171.74, -16.31, 50.31
3000, -113.40, -312.44, 1189.39, -42373.66, -42839.05, -68603.52, -52.03, -2.81, -178.64
3030, 9.52, -325.01, 1220.46, -41923.52, -44143.68, -65025.33, -52.03, -2.81, -178.64
3060, 115.48, -279.60, 1218.63, -42678.83, -38322.45, -68801.88, -52.03, -2.81, -178.64
3090, 112.37, -344.36, 1266.97, -50285.34, -24467.47, -69778.45, -52.03, -2.79, -178.64
3120, -52.25, -437.38, 1191.59, -52597.05, -13229.37, -68946.84, -170.27, -3.64, -141.21
3150, -186.95, -491.21, 1213.26, -53680.42, -11520.39, -71846.01, -170.27, -3.64, -141.21
3180, -212.10, -516.72, 1241.21, -51345.82, -12573.24, -78048.70, -170.27, -3.64, -141.21
3210, -254.82, -547.06, 1264.83, -51887.51, -12016.30, -79109.20, -170.28, -3.64, -141.19
3240, -270.14, -563.90, 1314.45, -47714.23, -15647.89, -85662.84, 10.53, -31.69, 176.83
3270, -207.28, -496.03, 1323.85, -38291.93, -23490.91, -93643.19, 10.53, -31.69, 176.83
3300, -152.59, -475.22, 1291.81, -34690.86, -27969.36, -89256.29, 10.53, -31.69, 176.83
3330, -128.30, -444.21, 1214.29, -26565.55, -33737.18, -88073.73, 10.52, -31.68, 176.84
3360, 22.34, -336.79, 1236.76, -19180.30, -36308.29, -93360.90, -109.97, -48.91, -114.61
3390, 98.88, -298.46, 1279.66, -27015.69, -20431.52, -86639.41, -109.97, -48.91, -114.61
3420, -160.34, -369.08, 1265.75, -29418.95, -8148.19, -90202.33, -109.97, -48.91, -114.61
3450, -260.62, -367.74, 1282.65, -33203.13, -6889.34, -91171.27, -109.97, -48.91, -114.61
3480, -329.35, -428.83, 1320.62, -35652.16, -8461.00, -89279.17, -110.04, -48.92, -114.56
3510, -465.39, -452.45, 1256.23, -31684.88, -17654.42, -92117.31, -165.86, 6.99, 129.43
3540, -327.94, -362.49, 1209.05, -24063.11, -38299.56, -93559.27, -165.86, 6.99, 129.43
3570, -146.73, -297.85, 1182.62, -23948.67, -42800.90, -88638.30, -165.86, 6.99, 129.43
3600, -1.04, -265.20, 1216.74, -29067.99, -39443.97, -86051.94, -165.84, 6.99, 129.41
3630, 70.50, -245.30, 1254.88, -32974.24, -36186.22, -89714.05, -90.11, -49.93, -130.42
3660, 103.09, -219.36, 1305.54, -40634.16, -29350.28, -93559.27, -90.11, -49.93, -130.42
3690, 56.09, -305.66, 1291.14, -51261.90, -17272.95, -91773.98, -90.11, -49.93, -130.42
3720, -104.86, -406.80, 1267.52, -54809.57, -6050.11, -90728.76, -90.18, -49.94, -130.38
3750, -281.31, -454.59, 1238.53, -54695.13, 1342.77, -93894.96, -153.60, 16.08, 119.02
3780, -528.81, -562.38, 1230.65, -56838.99, 694.27, -93833.92, -153.60, 16.08, 119.02
3810, -628.78, -599.98, 1194.82, -47821.05, -14709.47, -101104.73, -153.60, 16.08, 119.02
3840, -473.63, -478.52, 1227.17, -33538.82, -38352.96, -104270.94, -153.59, 16.11, 119.00
3870, -166.20, -347.60, 1288.64, -26786.80, -51033.02, -99868.77, -5.61, -67.42, -176.64
3900, 68.30, -190.73, 1323.73, -20042.42, -52032.47, -102188.11, -5.61, -67.42, -176.64
3930, 224.49, -88.99, 1339.66, -24742.13, -46096.80, -96870.42, -5.61, -67.42, -176.64
3960, 228.33, -74.40, 1337.89, -37689.21, -31654.36, -88699.34, -5.62, -67.47, -176.65
3990, 41.99, -218.26, 1258.73, -54206.85, -16593.93, -83900.45, -131.93, 4.97, 169.04
4020, -203.25, -386.96, 1220.21, -62271.12, -7110.60, -84861.76, -131.93, 4.97, 169.04
4050, -443.48, -489.81, 1143.68, -61630.25, -4531.86, -89080.81, -131.93, 4.97, 169.04
4080, -590.27, -598.69, 1169.80, -56297.30, -17440.80, -93055.73, -131.92, 4.99, 169.05
4110, -359.56, -492.61, 1249.57, -37666.32, -41252.14, -99853.52, -155.41, 25.32, 89.63
4140, -102.66, -348.14, 1300.48, -36140.44, -40184.02, -94566.34, -155.41, 25.32, 89.63
4170, -65.49, -317.63, 1337.34, -40771.48, -32089.23, -91789.24, -155.41, 25.32, 89.63
4200, -62.01, -342.16, 1373.78, -48133.85, -31181.34, -93818.66, -155.42, 25.33, 89.59
4230, -35.16, -357.48, 1367.61, -48942.57, -32341.00, -97808.84, 26.66, -32.61, 171.90
4260, -68.97, -394.59, 1315.73, -47920.23, -29754.64, -100097.66, 26.66, -32.61, 171.90
4290, -164.49, -403.99, 1262.21, -46897.89, -27633.67, -99670.41, 26.66, -32.61, 171.90
4320, -251.34, -424.99, 1209.66, -43403.63, -27595.52, -100265.50, 26.66, -32.61, 171.90
4350, -352.17, -457.15, 1162.78, -38208.01, -32081.60, -94917.30, 26.65, -32.60, 171.91
4380, -276.79, -393.37, 1172.30, -33386.23, -37803.65, -90705.88, -153.84, -39.79, -66.61
4410, -127.62, -343.63, 1223.57, -36079.41, -34629.82, -91133.12, -153.84, -39.79, -66.61
4440, -143.86, -331.36, 1266.11, -40122.98, -27671.81, -93093.88, -153.84, -39.79, -66.61
4470, -174.44, -354.80, 1307.56, -41923.52, -27854.92, -92407.23, -153.91, -39.78, -66.57
4500, -69.09, -328.86, 1355.90, -40039.06, -35415.65, -93315.13, -171.94, -1.90, -155.19
4530, -50.11, -323.24, 1336.00, -38696.29, -30426.03, -91308.59, -171.94, -1.90, -155.19
4560, -124.08, -316.77, 1290.04, -36209.11, -28587.34, -85212.71, -171.94, -1.90, -155.19
4590, -105.10, -320.92, 1280.76, -38009.64, -28327.94, -80909.73, -171.93, -1.90, -155.16
4620, -204.35, -360.23, 1249.51, -40390.02, -24406.43, -80604.55, -21.15, 31.60, 174.11
4650, -265.01, -357.30, 1214.97, -42121.89, -30082.70, -86029.05, -21.15, 31.60, 174.11
4680, -168.03, -424.68, 1281.01, -50231.93, -37628.17, -89538.58, -21.15, 31.60, 174.11
4710, -149.05, -433.59, 1274.11, -52757.26, -36613.46, -98861.70, -21.15, 31.64, 174.14
4740, -174.44, -418.21, 1273.62, -56297.30, -36140.44, -108406.07, -124.80, 5.65, 169.34
4770, -161.87, -380.62, 1212.04, -59288.02, -39245.61, -111831.66, -124.80, 5.65, 169.34
4800, -208.50, -422.79, 1195.37, -64773.56, -37658.69, -112426.76, -124.80, 5.65, 169.34
4830, -208.56, -383.79, 1158.87, -64170.84, -43342.59, -117774.96, -124.78, 5.66, 169.34
4860, -85.27, -395.51, 1185.55, -67390.45, -49781.80, -116554.26, -176.86, 11.62, 35.30
4890, 3.36, -358.58, 1233.95, -63079.84, -45883.18, -114173.89, -176.86, 11.62, 35.30
4920, 40.59, -328.06, 1227.84, -65589.91, -37048.34, -108024.59, -176.86, 11.62, 35.30
4950, 23.19, -424.44, 1255.07, -68870.55, -29174.80, -104194.64, -176.86, 11.62, 35.30
4980, 29.42, -429.38, 1295.23, -63743.59, -24192.81, -102790.84, -176.87, 11.62, 35.28
5010, -31.43, -457.40, 1303.10, -62034.61, -16517.64, -95268.25, 50.98, -52.98, 152.94
5040, -163.33, -561.22, 1277.83, -61798.09, -11940.00, -86555.48, 50.98, -52.98, 152.94
5070, -252.08, -628.23, 1278.93, -55091.86, -16273.50, -92422.48, 50.98, -52.98, 152.94
5100, -289.49, -652.59, 1288.70, -50277.71, -23277.28, -97091.67, 50.98, -53.00, 152.92
5130, -196.53, -618.41, 1261.66, -42518.62, -35842.89, -102577.21, -111.30, 17.25, 155.24
5160, -79.77, -558.59, 1240.23, -39222.72, -35781.86, -104751.59, -111.30, 17.25, 155.24
5190, -86.43, -516.85, 1213.38, -34889.22, -29067.99, -109748.84, -111.30, 17.25, 155.24
5220, -146.61, -417.60, 1217.71, -30052.19, -31738.28, -119163.52, -111.29, 17.27, 155.24
5250, -94.30, -411.62, 1198.36, -43891.91, -34423.83, -106063.84, 151.13, -33.84, 79.30
5280, -129.88, -473.27, 1197.02, -55152.89, -32585.14, -112480.16, 151.13, -33.84, 79.30
5310, -113.77, -419.07, 1186.22, -58647.16, -28221.13, -126991.27, 151.13, -33.84, 79.30
5340, -201.97, -452.27, 1269.84, -57235.72, -21949.77, -116172.79, 151.17, -33.81, 79.23
5370, -228.64, -361.45, 1330.51, -54855.35, -22140.50, -115745.55, -89.70, -38.08, -142.46
5400, -193.73, -379.33, 1368.65, -55679.32, -27313.23, -107406.62, -89.70, -38.08, -142.46
5430, -140.50, -360.47, 1355.90, -51406.86, -32073.97, -105201.72, -89.70, -38.08, -142.46
5460, -71.41, -330.14, 1356.93, -49255.37, -34111.02, -108879.09, -89.73, -38.08, -142.44
5490, -99.61, -316.10, 1296.45, -47447.20, -34706.12, -111343.38, -177.24, 5.44, 63.22
5520, -118.47, -281.31, 1219.24, -48324.59, -35751.34, -106071.47, -177.24, 5.44, 63.22
5550, -115.84, -313.35, 1194.46, -55191.04, -32447.81, -95306.40, -177.24, 5.44, 63.22
5580, -151.61, -325.56, 1187.56, -67489.63, -34164.43, -85250.85, -177.25, 5.45, 63.18
5610, -182.98, -480.83, 1155.46, -85037.23, -24658.20, -84411.63, 3.21, -30.05, 178.99
5640, -351.07, -631.65, 1222.29, -80909.73, -39886.48, -115989.69, 3.21, -30.05, 178.99
5670, -163.94, -574.28, 1186.10, -68840.02, -57418.82, -119865.41, 3.21, -30.05, 178.99
5700, 15.56, -476.62, 1188.17, -50971.98, -60661.32, -111228.95, 3.17, -30.04, 179.01
5730, 133.30, -338.87, 1146.61, -46043.39, -52604.68, -95474.24, -180.45, -9.03, -1.77
5760, 198.91, -274.72, 1167.11, -54023.74, -38925.17, -90095.52, -180.45, -9.03, -1.77
5790, 128.42, -293.33, 1154.24, -69725.04, -26268.01, -94818.12, -180.45, -9.03, -1.77
5820, 28.99, -443.48, 1225.16, -78765.87, -20904.54, -102584.84, -180.48, -9.01, -1.77
5850, -41.56, -534.67, 1233.95, -75706.48, -20072.94, -108360.29, -170.04, -15.21, -69.24
5880, -110.47, -560.91, 1202.94, -67100.52, -23742.68, -111633.30, -170.04, -15.21, -69.24
5910, -111.94, -525.02, 1194.34, -57113.65, -25108.34, -106697.09, -170.04, -15.21, -69.24
5940, -45.59, -442.93, 1226.56, -53153.99, -23094.18, -99334.72, -170.07, -15.23, -69.23
5970, -118.29, -495.12, 1219.67, -56694.03, -19401.55, -95611.57, -169.57, -9.45, -98.72
6000, -134.40, -516.36, 1198.61, -54290.77, -27961.73, -102478.03, -169.57, -9.45, -98.72
6030, -200.07, -552.19, 1042.60, -48263.55, -43403.63, -108406.07, -169.57, -9.45, -98.72
6060, 41.38, -385.07, 990.23, -32745.36, -60951.23, -115791.32, -169.57, -9.47, -98.71
6090, 221.07, -210.51, 952.76, -30319.21, -55702.21, -116462.71, 138.33, 61.23, -64.71
6120, 365.36, -140.38, 1073.85, -34820.55, -45112.61, -109573.37, 138.33, 61.23, -64.71
6150, 226.01, -168.21, 1013.24, -50460.82, -15129.09, -84770.20, 138.33, 61.23, -64.71
6180, 75.99, -288.09, 1154.48, -66284.18, -9658.81, -75134.28, 138.33, 61.23, -64.71
6210, 32.71, -456.91, 1171.63, -79673.77, -4219.06, -85067.75, 138.33, 61.19, -64.67
6240, -160.22, -662.11, 1266.91, -78002.93, -3196.72, -98419.19, -106.48, 65.59, 99.03
6270, -315.43, -721.31, 1238.95, -57350.16, -17250.06, -102317.81, -106.48, 65.59, 99.03
6300, -106.20, -569.89, 1240.36, -36705.02, -32295.23, -100181.58, -106.48, 65.59, 99.03
6330, 42.79, -403.63, 1205.44, -27641.30, -30609.13, -103042.60, -106.56, 65.61, 98.96
6360, 5.80, -344.06, 1190.73, -28862.00, -25993.35, -101142.88, 178.21, -0.32, 150.67
6390, 19.41, -273.99, 1186.28, -30296.33, -29678.34, -104087.83, 178.21, -0.32, 150.67
6420, 120.42, -207.95, 1199.34, -35240.17, -30815.13, -102310.18, 178.21, -0.32, 150.67
6450, 124.08, -272.89, 1214.05, -45898.44, -25726.32, -84205.63, 178.25, -0.32, 150.66
6480, 49.74, -353.09, 1154.05, -51055.91, -24337.77, -79086.30, -166.23, -26.33, -56.56
6510, -29.79, -478.27, 1107.42, -56846.62, -13031.01, -76820.38, -166.23, -26.33, -56.56
6540, -145.08, -562.93, 1181.27, -51498.41, -8758.54, -76469.42, -166.23, -26.33, -56.56
6570, -147.83, -479.80, 1149.23, -46752.93, -6690.98, -74470.52, -166.23, -26.33, -56.56
6600, -170.84, -502.20, 1169.62, -51345.82, -7652.28, -73913.58, -166.26, -26.33, -56.56
6630, -159.24, -546.51, 1167.11, -54977.42, -7026.67, -78468.32, -130.08, -26.35, -127.19
6660, -246.52, -634.16, 1169.92, -53352.36, -488.28, -78964.23, -130.08, -26.35, -127.19
6690, -271.73, -592.22, 1258.12, -39970.40, -4875.18, -81039.43, -130.08, -26.35, -127.19
6720, -265.99, -534.24, 1288.88, -34469.61, -7644.65, -73081.97, -130.09, -26.35, -127.16
6750, -312.38, -559.14, 1273.99, -34736.63, -16082.76, -67321.78, 35.00, -36.54, 167.90
6780, -165.53, -517.09, 1295.78, -33355.71, -26222.23, -77415.47, 35.00, -36.54, 167.90
6810, -91.13, -429.08, 1275.33, -30075.07, -26428.22, -87173.46, 35.00, -36.54, 167.90
6840, -135.01, -437.01, 1255.55, -32287.60, -25459.29, -84182.74, 34.96, -36.55, 167.93
6870, -107.54, -401.12, 1245.18, -26527.40, -28732.30, -87402.34, -178.09, -25.58, -10.97
6900, -127.32, -341.13, 1233.09, -23315.43, -31089.78, -85250.85, -178.09, -25.58, -10.97
6930, -220.70, -374.08, 1148.44, -21232.61, -35545.35, -78567.51, -178.09, -25.58, -10.97
6960, -115.17, -348.14, 1120.18, -18226.62, -44670.11, -75096.13, -178.13, -25.55, -10.96
6990, -21.48, -333.56, 1086.00, -17707.82, -42572.02, -76438.91, -156.89, -21.65, -95.27
7020, 24.05, -363.22, 1134.89, -16677.86, -37132.26, -75874.33, -156.89, -21.65, -95.27
7050, 98.14, -271.24, 1166.99, -16777.04, -34317.02, -72532.66, -156.89, -21.65, -95.27
7080, 195.86, -282.84, 1239.01, -32646.18, -27023.32, -73158.27, -156.90, -21.67, -95.26
7110, 123.05, -345.40, 1223.39, -33271.79, -20210.27, -76118.47, 150.19, 28.77, -90.97
7140, -3.85, -363.34, 1152.34, -34240.72, -17524.72, -76934.81, 150.19, 28.77, -90.97
7170, -71.78, -358.58, 1123.41, -38848.88, -19248.96, -80780.03, 150.19, 28.77, -90.97
7200, -133.36, -410.89, 1092.71, -42945.86, -17135.62, -86105.34, 150.19, 28.73, -90.94
7230, -182.62, -449.10, 1076.78, -45242.31, -17189.03, -88943.48, 94.21, 82.53, -92.71
7260, -155.15, -500.73, 1152.89, -40077.21, -20683.29, -89111.33, 94.21, 82.53, -92.71
7290, -6.47, -397.71, 1226.01, -34194.95, -20156.86, -89714.05, 94.21, 82.53, -92.71
7320, 96.62, -332.46, 1357.06, -30281.07, -24513.24, -93811.03, 94.44, 82.52, -92.44
7350, 190.61, -238.28, 1350.65, -28800.96, -23017.88, -93955.99, -85.25, 10.96, 170.01
7380, 114.81, -276.49, 1347.53, -33554.08, -16288.76, -83518.98, -85.25, 10.96, 170.01
7410, 31.92, -337.89, 1329.96, -33737.18, -10574.34, -79681.40, -85.25, 10.96, 170.01
7440, -163.94, -410.95, 1316.77, -35758.97, -4295.35, -78353.88, -85.23, 10.97, 170.01
7470, -328.37, -481.87, 1284.48, -35934.45, -7202.15, -82061.77, -176.94, 6.53, 58.13
7500, -434.94, -452.64, 1264.47, -30479.43, -13847.35, -95703.13, -176.94, 6.53, 58.13
7530, -466.43, -394.41, 1199.65, -23582.46, -25787.35, -103775.02, -176.94, 6.53, 58.13
7560, -404.24, -359.44, 1171.33, -19409.18, -38459.78, -92994.69, -176.95, 6.56, 58.10
7590, -180.30, -254.76, 1186.34, -13031.01, -44479.37, -82397.46, -35.06, -66.94, -156.80
7620, -40.95, -152.59, 1271.48, -10612.49, -41900.63, -81123.35, -35.06, -66.94, -156.80
7650, -5.62, -175.17, 1349.37, -13908.39, -35682.68, -71609.50, -35.06, -66.94, -156.80
7680, -2.44, -159.48, 1365.48, -9330.75, -30174.26, -65269.47, -35.06, -66.94, -156.80
7710, -166.32, -154.05, 1340.52, -9483.34, -22056.58, -61439.52, -35.12, -66.94, -156.76
7740, -290.34, -244.87, 1351.01, -9651.18, -21965.03, -54939.27, -158.43, 52.87, 43.00
7770, -349.24, -288.21, 1338.75, 1060.49, -31036.38, -50643.92, -158.43, 52.87, 43.00
7800, -298.03, -181.76, 1269.53, 12565.61, -41961.67, -52589.42, -158.43, 52.87, 43.00
7830, -285.58, -122.92, 1162.41, 10124.21, -48172.00, -51048.28, -158.46, 52.86, 42.97
7860, -145.26, -68.12, 1071.78, 2754.21, -62721.25, -53703.31, -176.79, 0.53, 163.86
7890, 92.96, -29.97, 1015.63, -13252.26, -65902.71, -55694.58, -176.79, 0.53, 163.86
7920, 262.33, -79.65, 1040.41, -34523.01, -50048.83, -54924.01, -176.79, 0.53, 163.86
7950, 230.41, -188.11, 1101.07, -46585.08, -32302.86, -57083.13, -176.75, 0.51, 163.86
7980, 97.47, -251.59, 1127.32, -50292.97, -19264.22, -61286.93, 173.77, 8.00, -70.40
8010, -74.71, -277.40, 1137.70, -44464.11, -18173.22, -76362.61, 173.77, 8.00, -70.40
8040, -77.70, -190.19, 1117.86, -33493.04, -22239.69, -87783.81, 173.77, 8.00, -70.40
8070, -86.79, -68.36, 1154.30, -33813.48, -16296.39, -78117.37, 173.75, 7.98, -70.39
8100, -270.45, -44.80, 1143.01, -41046.14, -7995.61, -58403.02, 132.42, 53.50, -81.58
8130, -224.49, -23.38, 1173.71, -45181.27, -11878.97, -46051.02, 132.42, 53.50, -81.58
8160, -220.15, -152.95, 1216.19, -52749.63, -5363.46, -40267.95, 132.42, 53.50, -81.58
8190, -291.38, -260.31, 1268.07, -42671.20, -10437.01, -41137.70, 132.43, 53.48, -81.52
8220, -160.03, -198.12, 1283.39, -27549.74, -23696.90, -42999.27, -33.81, 42.22, 166.85
8250, 23.19, -122.13, 1313.17, -21354.68, -35194.40, -46676.64, -33.81, 42.22, 166.85
8280, 102.11, -64.03, 1223.75, -16998.29, -44563.29, -55900.57, -33.81, 42.22, 166.85
8310, 308.35, -40.59, 1209.05, -21926.88, -51971.44, -53337.10, -33.81, 42.22, 166.85
8340, 201.48, -128.48, 1052.55, -22872.93, -34317.02, -45623.78, -33.83, 42.24, 166.85
8370, -30.58, -224.55, 977.42, -21720.89, -25886.54, -24444.58, -140.82, -4.38, -167.94
8400, -20.69, -223.51, 987.98, -19134.52, -16059.88, -33462.52, -140.82, -4.38, -167.94
8430, -245.79, -200.32, 1019.90, -14732.36, -8781.43, -47386.17, -140.82, -4.38, -167.94
8460, -350.10, -152.34, 1145.51, -10971.07, -16159.06, -49537.66, -140.80, -4.39, -167.92
8490, -396.91, -155.15, 1096.50, -10009.77, -16876.22, -45829.77, 65.24, 78.80, -124.02
8520, -391.05, -57.43, 1216.49, -8934.02, -34294.13, -42930.60, 65.24, 78.80, -124.02
8550, -144.41, -1.40, 1201.66, -12123.11, -49720.77, -40489.20, 65.24, 78.80, -124.02
8580, 119.93, -15.50, 1277.28, -21591.19, -53741.45, -30242.92, 65.39, 78.82, -123.83
8610, 202.58, -136.90, 1240.17, -21804.81, -49880.98, -27259.83, -83.33, 7.63, 173.27
8640, 350.40, -132.32, 1236.82, -18363.95, -63903.81, -25917.05, -83.33, 7.63, 173.27
8670, 645.75, -148.13, 1225.65, -14091.49, -42381.29, -32852.17, -83.33, 7.63, 173.27
8700, 330.93, -164.98, 1147.09, -1388.55, -4684.45, -50338.75, -83.33, 7.63, 173.27
8730, -117.07, -110.17, 1041.75, 7225.04, 22880.55, -60585.02, 178.18, -1.03, 102.52
8760, -495.61, -74.28, 996.28, 8094.79, 31494.14, -55122.38, 178.18, -1.03, 102.52
8790, -664.86, -29.42, 1088.26, 4028.32, 13084.41, -45600.89, 178.18, -1.03, 102.52
8820, -513.24, -13.12, 1054.69, -8476.26, -12710.57, -47172.55, 178.20, -0.98, 102.47
8850, -322.14, -8.73, 1120.79, -8346.56, -14534.00, -57296.75, -45.98, -69.01, -147.91
8880, -360.72, 77.58, 1149.90, -5462.65, -17059.33, -58128.36, -45.98, -69.01, -147.91
8910, -270.87, 105.77, 1163.64, -11199.95, -30212.40, -41595.46, -45.98, -69.01, -147.91
8940, 36.44, 105.04, 1218.44, -17646.79, -41725.16, -32928.47, -46.03, -69.01, -147.89
8970, 299.32, 45.35, 1267.03, -25627.14, -38398.74, -29403.69, -87.36, 38.83, 143.15
9000, 191.16, -106.81, 1202.39, -26039.12, -21522.52, -29922.48, -87.36, 38.83, 143.15
9030, 89.29, -110.96, 1177.25, -20889.28, -17608.64, -35484.31, -87.36, 38.83, 143.15
9060, -44.98, -96.74, 1135.93, -23307.80, -11314.39, -46142.58, -87.37, 38.86, 143.13
9090, -208.31, -147.09, 1106.51, -27687.07, -14091.49, -51948.55, 127.21, -13.60, 152.66
9120, -264.40, -155.09, 1076.66, -29228.21, -20706.18, -56571.96, 127.21, -13.60, 152.66
9150, -257.69, -159.36, 1060.79, -32798.77, -29396.06, -58998.11, 127.21, -13.60, 152.66
9180, -170.29, -177.19, 1071.90, -32409.67, -35079.96, -62423.71, 127.23, -13.60, 152.65
9210, -33.69, -158.87, 1123.84, -28854.37, -35766.60, -63491.82, -176.96, -3.80, -87.12
9240, 123.47, -101.26, 1181.64, -23559.57, -30944.82, -64712.52, -176.96, -3.80, -87.12
9270, 142.76, -32.65, 1240.60, -18928.53, -22499.08, -65093.99, -176.96, -3.80, -87.12
9300, 92.22, -41.08, 1248.29, -22514.34, -13946.53, -61203.00, -176.96, -3.80, -87.12
9330, -22.71, -60.12, 1242.07, -24429.32, -11260.99, -61958.31, -176.97, -3.82, -87.10
9360, -182.25, -66.65, 1193.60, -22979.74, -9071.35, -69297.79, 126.26, 50.98, -92.78
9390, -299.01, -41.99, 1205.26, -21926.88, -13687.13, -70686.34, 126.26, 50.98, -92.78
9420, -318.73, -2.32, 1219.42, -20339.96, -25001.53, -65773.01, 126.26, 50.98, -92.78
9450, -221.13, 22.46, 1182.43, -22033.69, -36598.21, -62057.50, 126.28, 50.97, -92.71
9480, -58.29, 51.21, 1152.65, -25146.48, -45486.45, -62728.88, -38.09, 41.66, 165.27
9510, 104.80, 54.75, 1175.05, -30189.51, -45661.93, -59936.52, -38.09, 41.66, 165.27
9540, 130.74, 21.24, 1124.57, -34713.75, -34484.86, -57159.42, -38.09, 41.66, 165.27
9570, 16.97, 5.07, 1137.63, -36720.28, -25047.30, -57426.45, -38.11, 41.69, 165.26
9600, 10.86, -9.70, 1181.52, -38734.44, -14633.18, -58502.20, -163.87, -4.24, -151.76
9630, -167.42, -70.86, 1213.26, -35224.91, -1609.80, -61172.48, -163.87, -4.24, -151.76
9660, -363.77, -67.08, 1233.83, -20866.39, -4402.16, -62385.56, -163.87, -4.24, -151.76
9690, -383.85, 4.15, 1149.05, -10635.38, -17410.28, -50247.19, -163.86, -4.25, -151.74
9720, -211.67, 55.97, 1123.17, -12832.64, -30014.04, -36323.55, 38.98, 51.52, -160.32
9750, -71.66, 66.28, 1106.14, -23544.31, -31784.06, -30426.03, 38.98, 51.52, -160.32
9780, 21.06, -10.13, 1108.40, -39497.38, -30113.22, -29273.99, 38.98, 51.52, -160.32
9810, -6.59, -132.32, 1137.70, -50033.57, -26779.18, -29228.21, 38.99, 51.55, -160.27
9840, 52.67, -225.89, 1191.65, -48027.04, -25825.50, -29624.94, -64.28, 2.47, 178.46
9870, 46.69, -274.54, 1161.44, -39062.50, -19729.61, -34317.02, -64.28, 2.47, 178.46
9900, -34.24, -262.15, 1176.82, -27679.44, -16090.39, -39062.50, -64.28, 2.47, 178.46
9930, -136.54, -238.28, 1122.92, -21903.99, -13534.55, -45593.26, -64.28, 2.47, 178.46
9960, -147.46, -204.41, 1129.15, -14793.40, -18302.92, -54107.66, -64.28, 2.49, 178.46
9990, -102.97, -114.32, 1142.82, -10116.58, -16662.60, -59715.27, -140.78, -4.94, -166.47
10020, -127.87, -53.34, 1155.46, -11238.10, -15975.95, -55770.88, -140.78, -4.94, -166.47
10050, -83.74, -4.82, 1202.39, -15235.90, -22819.52, -50971.98, -140.78, -4.94, -166.47
10080, 42.85, 9.46, 1220.40, -20965.58, -24475.10, -51528.93, -140.76, -4.96, -166.46
10110, 45.29, -46.45, 1245.91, -23590.09, -18440.25, -49209.59, 126.84, 42.50, -103.59
10140, -20.87, -89.11, 1237.43, -22560.12, -10688.78, -42526.25, 126.84, 42.50, -103.59
10170, -185.91, -115.17, 1188.66, -20469.67, -9620.67, -42388.91, 126.84, 42.50, -103.59
10200, -214.42, -100.59, 1159.97, -18363.95, -18218.99, -48759.46, 126.86, 42.48, -103.53
10230, -203.86, -92.22, 1124.82, -16433.71, -21781.92, -52536.01, -15.53, 45.20, 173.74
10260, -142.03, -66.28, 1127.14, -15449.52, -25077.82, -49896.24, -15.53, 45.20, 173.74
10290, -140.63, -27.28, 1145.39, -19157.41, -15769.96, -50285.34, -15.53, 45.20, 173.74
10320, -281.37, -39.67, 1118.90, -20591.74, -21911.62, -47103.88, -15.55, 45.23, 173.75
10350, -55.36, -49.74, 1153.75, -24169.92, -28450.01, -41000.37, -129.11, -12.99, -153.43
10380, -60.55, -113.71, 1143.86, -26794.43, -18760.68, -36628.72, -129.11, -12.99, -153.43
10410, -35.58, -122.25, 1177.43, -27000.43, -17829.89, -34973.14, -129.11, -12.99, -153.43
10440, 14.53, -135.25, 1197.39, -23216.25, -12512.21, -43930.05, -129.11, -13.01, -153.40
10470, -72.81, -79.83, 1191.77, -16174.32, -9857.18, -54832.46, 66.37, 35.03, -156.44
10500, -192.38, -79.59, 1164.18, -12886.05, -4959.11, -54664.61, 66.37, 35.03, -156.44
10530, -218.20, -59.81, 1126.59, -4463.20, -10650.63, -49324.04, 66.37, 35.03, -156.44
10560, -151.92, 91.55, 1102.84, 5767.82, -6370.54, -45631.41, 66.37, 35.04, -156.39
10590, -186.28, 131.90, 1125.73, -518.80, -198.36, -33645.63, -41.02, -12.05, -175.55
10620, -222.05, 88.20, 1163.70, -5416.87, 3425.60, -24757.38, -41.02, -12.05, -175.55
10650, -233.15, 101.68, 1152.77, -404.36, -5218.51, -22750.86, -41.02, -12.05, -175.55
10680, -69.82, 173.77, 1206.85, -1617.43, -11878.97, -27404.79, -41.03, -12.04, -175.55
10710, -78.61, 170.47, 1204.10, -3585.82, -4356.38, -31814.57, -178.69, -5.35, -39.21
10740, -156.01, 164.79, 1206.73, -4890.44, -328.06, -26756.29, -178.69, -5.35, -39.21
10770, -246.40, 194.82, 1173.71, -5416.87, 3082.28, -22781.37, -178.69, -5.35, -39.21
10800, -320.43, 197.57, 1159.97, -9796.14, -2243.04, -15121.46, -178.73, -5.34, -39.19
10830, -317.69, 165.10, 1148.99, -14610.29, -8796.69, -11283.88, 135.25, 30.64, -111.97
10860, -218.44, 165.89, 1157.96, -18989.56, -19699.10, -10200.50, 135.25, 30.64, -111.97
10890, -84.78, 134.58, 1159.42, -22827.15, -23094.18, -14671.33, 135.25, 30.64, -111.97
10920, -74.10, 79.90, 1120.54, -21911.62, -19050.60, -14266.97, 135.26, 30.62, -111.92
10950, -57.25, 101.75, 1125.12, -18852.23, -12336.73, -12397.77, 7.07, 54.85, -176.03
10980, -62.26, 104.43, 1146.67, -18821.72, -6080.63, -9635.93, 7.07, 54.85, -176.03
11010, -167.79, 114.44, 1154.36, -20301.82, -2418.52, -8979.80, 7.07, 54.85, -176.03
11040, -224.24, 77.27, 1166.81, -26000.98, -2166.75, -5973.82, 7.07, 54.85, -176.03
11070, -354.86, -3.05, 1170.72, -27053.83, -4791.26, 999.45, 7.04, 54.89, -176.02
11100, -274.90, -11.23, 1223.39, -30891.42, -8354.19, 4570.01, -111.77, -21.52, -148.99
11130, -191.10, -83.68, 1237.98, -37506.10, -19775.39, 3997.80, -111.77, -21.52, -148.99
11160, 10.99, -181.95, 1322.88, -34843.45, -19081.12, -2449.04, -111.77, -21.52, -148.99
11190, -74.52, -214.23, 1313.96, -25833.13, -9223.94, -4341.13, -111.78, -21.53, -148.96
11220, -165.89, -190.43, 1271.85, -15533.45, -5462.65, -12542.72, 52.48, -6.72, 176.63
11250, -242.37, -158.57, 1179.81, -11665.34, -6271.36, -22590.64, 52.48, -6.72, 176.63
11280, -238.10, -132.81, 1239.75, -3677.37, -6660.46, -27725.22, 52.48, -6.72, 176.63
11310, -203.37, -22.22, 1272.64, 4547.12, 450.13, -28709.41, 52.46, -6.71, 176.66
11340, -379.15, 35.58, 1259.40, -2296.45, 4158.02, -20339.96, -95.89, -56.66, -118.79
11370, -508.18, -2.93, 1160.58, -14526.37, -13008.12, -18234.25, -95.89, -56.66, -118.79
11400, -374.21, -53.22, 1139.47, -24620.06, -32859.80, -26985.17, -95.89, -56.66, -118.79
11430, -177.55, -132.57, 1111.88, -31196.59, -36453.25, -30990.60, -95.93, -56.66, -118.77
11460, -16.85, -164.43, 1214.78, -29396.06, -28671.27, -32508.85, -142.09, 30.61, 103.85
11490, 81.67, -167.48, 1302.12, -21324.16, -17204.29, -30387.88, -142.09, 30.61, 103.85
11520, -88.50, -154.72, 1315.06, -13427.73, -877.38, -27709.96, -142.09, 30.61, 103.85
11550, -342.35, -148.68, 1198.97, -7858.28, -3570.56, -32005.31, -142.10, 30.63, 103.80
11580, -229.13, -40.77, 1247.56, -3921.51, -16548.16, -38459.78, 51.50, -46.68, 156.20
11610, -227.17, -47.24, 1229.55, -6774.90, -9880.07, -37323.00, 51.50, -46.68, 156.20
11640, -401.98, -50.23, 1174.26, -1350.40, -9811.40, -36506.65, 51.50, -46.68, 156.20
11670, -264.28, 78.74, 1225.83, 1113.89, -18768.31, -34164.43, 51.48, -46.69, 156.20
11700, -149.66, 122.38, 1264.89, -4554.75, -16181.95, -31402.59, -110.05, 68.75, 91.91
11730, -207.15, 111.94, 1254.82, -10421.75, -16471.86, -25741.58, -110.05, 68.75, 91.91
11760, -52.55, 71.78, 1326.42, -20103.46, -21286.01, -12832.64, -110.05, 68.75, 91.91
11790, -81.73, -44.92, 1275.21, -26679.99, -10429.38, -14602.66, -110.05, 68.75, 91.91
11820, -300.11, -81.12, 1210.88, -19561.77, -15655.52, -26306.15, -110.15, 68.75, 91.82
11850, -273.74, -54.26, 1128.30, -15914.92, -19515.99, -26679.99, 178.86, -0.01, -180.00
11880, -384.95, -82.70, 1069.46, -13687.13, -17066.96, -17990.11, 178.86, -0.01, -180.00
11910, -360.05, -76.05, 1052.25, -8399.96, -26405.33, -11405.95, 178.86, -0.01, -180.00
11940, -111.51, -14.83, 1113.77, -5294.80, -31333.92, -9872.44, 178.89, -0.02, -179.98
11970, -10.19, 5.55, 1220.34, -5081.18, -19050.60, -9651.18, 141.94, 40.22, -85.65
12000, -26.73, 53.22, 1297.12, -3593.44, -14747.62, -13412.48, 141.94, 40.22, -85.65
12030, 75.93, 81.60, 1337.65, -6942.75, -6423.95, -12527.47, 141.94, 40.22, -85.65
12060, -44.01, 9.52, 1398.07, -7865.91, 6797.79, -12016.30, 141.95, 40.19, -85.60
12090, -160.40, 75.87, 1423.71, -694.27, 8834.84, -14030.46, -10.48, 52.69, 175.08
12120, -306.58, 25.82, 1373.47, -2777.10, 11383.06, -6553.65, -10.48, 52.69, 175.08
12150, -456.85, -7.87, 1278.38, -343.32, 3509.52, -7461.55, -10.48, 52.69, 175.08
12180, -533.08, 35.03, 1165.53, 1060.49, -7667.54, -13641.36, -10.51, 52.73, 175.09
12210, -475.34, 49.50, 1094.67, -7476.81, -19035.34, -16281.13, -127.92, -13.34, -153.43
12240, -448.55, 14.89, 1069.34, -15014.65, -24818.42, -19668.58, -127.92, -13.34, -153.43
12270, -358.64, -3.72, 1090.70, -22598.27, -30723.57, -17745.97, -127.92, -13.34, -153.43
12300, -162.72, -72.75, 1170.10, -28205.87, -30982.97, -17143.25, -127.92, -13.34, -153.41
12330, -58.53, -78.67, 1263.67, -23345.95, -22567.75, -24169.92, 54.30, 25.71, -166.49
12360, -150.82, -83.19, 1276.00, -14053.34, -11558.53, -24154.66, 54.30, 25.71, -166.49
12390, -223.51, -18.01, 1259.83, -7202.15, -17234.80, -19187.93, 54.30, 25.71, -166.49
12420, -105.41, 23.38, 1273.32, -8735.66, -23323.06, -15731.81, 54.30, 25.73, -166.45
12450, -61.34, -25.09, 1248.54, -13282.78, -24223.33, -15182.50, -46.84, -10.65, -175.44
12480, -30.64, -63.84, 1239.87, -10002.14, -18928.53, -19226.07, -46.84, -10.65, -175.44
12510, -49.07, -4.21, 1271.55, 1640.32, -8300.78, -26290.89, -46.84, -10.65, -175.44
12540, -299.13, 60.42, 1194.64, 10177.61, 5882.26, -25917.05, -46.86, -10.63, -175.44
12570, -491.82, 136.47, 1218.08, 16838.07, -38.15, -13320.92, -174.65, -5.36, -95.93
12600, -480.41, 224.85, 1087.65, 19912.72, -14053.34, -6614.69, -174.65, -5.36, -95.93
12630, -273.19, 230.96, 1127.81, 3829.96, -21003.72, 11192.32, -174.65, -5.36, -95.93
12660, -85.08, 185.36, 1244.20, -3791.81, -6652.83, 9788.51, -174.65, -5.36, -95.93
12690, -181.82, 128.72, 1309.45, -4234.31, 6278.99, 4295.35, -174.66, -5.37, -95.91
12720, -287.72, 172.06, 1333.98, -8117.68, 8697.51, -2403.26, 68.74, 28.05, -160.41
12750, -369.32, 122.38, 1373.17, -15632.63, -1556.40, -5897.52, 68.74, 28.05, -160.41
12780, -404.60, 35.46, 1270.02, -14503.48, -10765.08, -7629.39, 68.74, 28.05, -160.41
12810, -343.57, -10.13, 1217.47, -14961.24, -15739.44, 4379.27, 68.75, 28.07, -160.36
12840, -227.29, -74.95, 1214.36, -12046.81, -10696.41, 6439.21, -47.38, 4.26, 178.15
12870, -310.30, -75.62, 1198.73, -2548.22, -3219.60, -465.39, -47.38, 4.26, 178.15
12900, -412.60, -109.50, 1140.38, -3974.91, -10345.46, 5622.86, -47.38, 4.26, 178.15
12930, -210.39, -83.25, 1252.75, -1304.63, -13404.85, -289.92, -47.39, 4.28, 178.16
12960, -177.19, -48.65, 1300.11, 3280.64, -7507.32, -8934.02, -158.18, -16.69, -106.96
12990, -314.27, -23.62, 1255.13, 5149.84, -6584.17, -10452.27, -158.18, -16.69, -106.96
13020, -253.97, 32.90, 1224.49, 3570.56, -21263.12, -8705.14, -158.18, -16.69, -106.96
13050, -67.69, 32.41, 1246.95, 2609.25, -23910.52, -12115.48, -158.19, -16.70, -106.94
13080, -14.53, 66.41, 1239.38, 7095.34, -13412.48, -14320.37, 79.83, 12.50, -169.44
13110, -143.49, 99.98, 1202.82, 9727.48, 2021.79, -15129.09, 79.83, 12.50, -169.44
13140, -369.26, 130.62, 1148.93, 10551.45, 6507.87, -12603.76, 79.83, 12.50, -169.44
13170, -487.61, 132.87, 1073.73, 3974.91, -3417.97, -2571.11, 79.84, 12.52, -169.39
13200, -378.72, 104.98, 1100.95, -3685.00, -16136.17, 862.12, -59.25, 0.77, 179.56
13230, -212.89, 29.85, 1147.71, -10025.02, -16426.09, 4829.41, -59.25, 0.77, 179.56
13260, -286.99, -25.02, 1140.26, -3677.37, -10734.56, -3692.63, -59.25, 0.77, 179.56
13290, -243.10, 54.38, 1156.98, 671.39, -19027.71, -1670.84, -59.25, 0.77, 179.56
13320, -50.60, 63.72, 1216.00, 1243.59, -21820.07, 2540.59, -59.26, 0.78, 179.56
13350, 7.08, 110.60, 1240.78, 5569.46, -13046.26, 3814.70, 177.31, 2.59, -78.05
13380, 27.10, 129.33, 1266.24, 900.27, -6034.85, 12847.90, 177.31, 2.59, -78.05
13410, -85.75, 81.85, 1253.05, -144.96, 3631.59, 8598.33, 177.31, 2.59, -78.05
13440, -236.57, 123.17, 1250.49, -488.28, 961.30, 2883.91, 177.29, 2.58, -78.03
13470, -227.60, 94.67, 1199.89, -2517.70, -4920.96, -457.76, 95.47, 33.16, -143.38
13500, -316.59, 126.04, 1187.01, 4577.64, -3410.34, -2311.71, 95.47, 33.16, -143.38
13530, -375.37, 184.94, 1165.04, 4585.27, -7667.54, 8438.11, 95.47, 33.16, -143.38
13560, -349.43, 163.15, 1186.46, -2861.02, -16441.35, 17707.82, 95.50, 33.18, -143.33
13590, -226.44, 103.52, 1171.94, -10002.14, -27328.49, 20698.55, -63.87, 16.68, 169.67
13620, -16.05, 57.37, 1275.76, -15289.31, -30609.13, 20477.29, -63.87, 16.68, 169.67
13650, 87.34, -28.08, 1299.99, -15762.33, -15983.58, 14053.34, -63.87, 16.68, 169.67
13680, -99.55, -41.87, 1289.73, -2777.10, -1098.63, 6362.92, -63.88, 16.70, 169.67
13710, -268.19, -14.34, 1237.12, -114.44, 2281.19, 9422.30, 178.94, 0.15, -142.56
13740, -351.20, 11.17, 1218.81, -1640.32, -2769.47, 976.56, 178.94, 0.15, -142.56
13770, -435.91, 29.42, 1163.82, -7232.67, -10223.39, -8743.29, 178.94, 0.15, -142.56
13800, -458.50, -11.84, 1115.66, -17929.08, -23178.10, -9178.16, 178.95, 0.17, -142.53
13830, -329.59, -59.63, 1123.60, -23124.70, -36384.58, -13916.02, -45.51, -10.78, -175.54
13860, -163.70, -89.29, 1147.71, -23826.60, -43434.14, -14312.74, -45.51, -10.78, -175.54
13890, -10.68, -134.28, 1204.47, -24322.51, -36422.73, -8903.50, -45.51, -10.78, -175.54
13920, -31.68, -150.02, 1224.43, -18836.97, -26489.26, -14053.34, -45.51, -10.78, -175.54
13950, -33.02, -117.61, 1227.48, -15403.75, -26435.85, -21545.41, -45.53, -10.76, -175.53
13980, -68.30, -102.42, 1235.29, -6134.03, -16433.71, -33424.38, -174.05, -8.18, -77.27
14010, -393.13, 28.81, 1082.03, 15625.00, -12191.77, -38887.02, -174.05, -8.18, -77.27
14040, -413.70, 109.19, 1078.92, 19012.45, -20080.57, -25947.57, -174.07, -8.18, -77.25
14070, -245.85, 172.06, 1112.73, 8918.76, -30326.84, -9948.73, 114.77, 11.52, -161.90
14100, -85.14, 163.33, 1139.22, -4890.44, -24429.32, -9902.95, 114.77, 11.52, -161.90
14130, -108.46, 55.18, 1181.95, -12557.98, -27931.21, -11581.42, 114.77, 11.52, -161.90
14160, 100.77, -0.24, 1271.42, -11894.23, -36094.66, -8277.89, 114.79, 11.52, -161.86
14190, 244.75, -9.77, 1268.13, -2655.03, -20011.90, -16784.67, -26.52, 38.32, 170.85
14220, -22.34, 43.82, 1165.10, 2304.08, -5332.95, -15869.14, -26.52, 38.32, 170.85
14250, -196.53, 35.28, 1092.90, -1213.07, -68.66, -10810.85, -26.52, 38.32, 170.85
14280, -392.76, 35.28, 1055.73, -511.17, -6156.92, -17684.94, -26.53, 38.36, 170.85
14310, -323.79, 52.61, 1069.82, -3097.53, -25550.84, -13710.02, -152.74, -1.25, -174.97
14340, -26.43, 35.89, 1179.26, -3738.40, -30044.55, -4852.29, -152.74, -1.25, -174.97
14370, 111.45, 56.95, 1212.16, 595.09, -18600.46, -5775.45, -152.74, -1.25, -174.97
14400, 32.41, 112.61, 1153.26, -3814.70, -11032.10, -11344.91, -152.73, -1.26, -174.97
14430, -15.81, 97.66, 1142.40, -9384.16, -14480.59, -17593.38, 144.87, 55.96, -60.74
14460, 43.76, 43.03, 1148.50, -12138.37, -14183.04, -15510.56, 144.87, 55.96, -60.74
14490, -40.65, 35.52, 1165.77, -4859.92, -5104.06, -16525.27, 144.87, 55.96, -60.74
14520, -183.29, 71.59, 1166.32, 1304.63, -289.92, -11703.49, 144.87, 55.96, -60.74
14550, -362.43, 85.88, 1057.37, 7.63, -6126.40, -7781.98, 144.88, 55.94, -60.69
14580, -295.47, 55.66, 1022.46, -9544.37, -25047.30, -572.20, -64.58, 26.61, 163.18
14610, -153.14, -38.45, 986.51, -21575.93, -28793.34, 3166.20, -64.58, 26.61, 163.18
14640, -41.26, -113.16, 1084.41, -28114.32, -37429.81, 4463.20, -64.58, 26.61, 163.18
14670, 226.14, -179.38, 1169.56, -27473.45, -38688.66, 3089.90, -64.60, 26.63, 163.18
14700, 302.19, -228.33, 1260.50, -15022.28, -28404.24, 68.66, -172.91, -1.57, -157.07
14730, 314.03, -179.75, 1246.70, 1274.11, -12123.11, -5805.97, -172.91, -1.57, -157.07
14760, 97.60, -142.09, 1248.05, 9475.71, 3723.14, -15968.32, -172.91, -1.57, -157.07
14790, -108.76, -17.09, 1215.94, 14472.96, 5256.65, -32463.07, -172.91, -1.56, -157.05
14820, -358.70, 10.25, 1162.05, 15769.96, 6019.59, -43579.10, -58.51, -2.69, -178.52
14850, -528.56, 43.88, 1150.15, 14953.61, -13648.99, -38841.25, -58.51, -2.69, -178.52
14880, -382.32, 50.90, 1023.25, 10948.18, -32539.37, -36750.79, -58.51, -2.69, -178.52
14910, -201.90, 54.99, 1042.18, 5165.10, -33073.43, -28236.39, -58.52, -2.66, -178.53
14940, -172.06, 49.32, 1028.56, 2059.94, -27343.75, -31967.16, 163.14, 8.35, -125.92
14970, -68.97, 78.86, 1078.55, 99.18, -34461.98, -33363.34, 163.14, 8.35, -125.92
15000, 275.63, 72.57, 1212.46, -1564.03, -40977.48, -27572.63, 163.14, 8.35, -125.92
