30, -346.98, -459.59, 1329.77, -30143.74, -25688.17, -52696.23, 149.34, -10.30, -171.32
60, -361.51, -400.94, 1297.97, -22087.10, -21614.07, -45494.08, -35.08, 27.34, 171.35
90, -340.03, -461.79, 1332.58, -23345.95, -23887.63, -49316.41, -35.08, 27.38, 171.37
120, -340.15, -439.33, 1344.67, -22933.96, -24002.07, -46867.37, -152.26, 6.79, 153.50
150, -285.40, -587.46, 1394.78, -17234.80, -19966.13, -41709.90, -152.26, 6.79, 153.50
180, -331.67, -628.36, 1342.83, -5203.25, -12008.67, -30372.62, -152.26, 6.79, 153.50
210, -242.74, -390.69, 1334.66, 1075.74, -19950.87, -29853.82, -152.26, 6.79, 153.50
240, -312.56, -439.39, 1208.56, -1602.17, -17913.82, -28160.10, -152.26, 6.80, 153.50
270, -324.40, -498.96, 1243.96, -3303.53, -16464.23, -15190.13, -175.05, 8.88, 63.55
300, -300.66, -527.59, 1255.25, -1609.80, -10513.31, 1716.61, -175.05, 8.88, 63.55
330, -300.29, -494.81, 1308.78, 5157.47, -4707.34, 7148.74, -175.05, 8.88, 63.55
360, -337.40, -448.30, 1314.21, 13465.88, -6278.99, -480.65, -175.05, 8.88, 63.55
390, -346.86, -350.59, 1338.32, 27946.47, -14617.92, -14884.95, -175.05, 8.88, 63.55
420, -250.85, -265.99, 1411.50, 34683.23, -13679.50, -14358.52, -175.04, 8.89, 63.50
450, -236.57, -151.06, 1403.93, 37132.26, -4966.74, -10055.54, -36.54, -7.69, -177.50
480, -349.24, -127.56, 1319.27, 37826.54, -2616.88, -15289.31, -36.54, -7.69, -177.50
510, -437.99, -91.55, 1244.93, 36193.85, -3791.81, -26275.63, -36.54, -7.69, -177.50
540, -496.89, -75.93, 1252.56, 34011.84, -5355.83, -31906.13, -36.54, -7.69, -177.50
570, -561.89, -32.23, 1324.28, 29067.99, -5187.99, -28266.91, -36.56, -7.64, -177.50
600, -455.75, 24.17, 1433.53, 18272.40, -15045.17, -28869.63, 170.52, 2.84, -144.56
630, -528.56, -128.23, 1333.68, -6050.11, -8636.47, -29426.57, 170.52, 2.84, -144.56
660, -633.79, -183.65, 1361.08, -10017.39, -12428.28, -24574.28, 170.52, 2.84, -144.56
690, -615.54, -180.36, 1349.18, -9101.87, -22819.52, -27938.84, 170.52, 2.84, -144.56
720, -522.77, -187.56, 1385.44, -14320.37, -27099.61, -31776.43, 170.52, 2.86, -144.54
750, -573.85, -306.64, 1397.22, -20240.78, -26374.82, -32577.52, -67.13, -28.46, -161.11
780, -598.27, -338.38, 1359.86, -13450.62, -34759.52, -36552.43, -67.13, -28.46, -161.11
810, -524.78, -297.49, 1352.72, -8445.74, -43304.45, -37986.75, -67.13, -28.46, -161.11
840, -469.85, -264.16, 1345.83, -8827.21, -45448.30, -39329.53, -67.13, -28.46, -161.11
870, -447.88, -255.62, 1368.65, -10055.54, -46485.90, -42144.77, -67.13, -28.46, -161.11
900, -455.20, -253.23, 1341.92, -8728.03, -50125.12, -47721.86, -67.16, -28.44, -161.11
930, -397.52, -216.74, 1303.28, -5775.45, -54878.23, -55419.92, 158.75, 33.87, -61.83
960, -347.23, -188.05, 1335.14, -7324.22, -50689.70, -55320.74, 158.75, 33.87, -61.83
990, -382.87, -187.07, 1323.49, -9620.67, -44273.38, -53672.79, 158.75, 33.87, -61.83
1020, -445.25, -200.26, 1271.85, -12260.44, -41801.45, -48507.69, 158.75, 33.87, -61.83
1050, -417.48, -222.53, 1288.33, -14534.00, -42907.71, -40443.42, 158.74, 33.86, -61.80
1080, -338.32, -238.77, 1292.97, -13854.98, -38635.25, -35163.88, -6.99, 43.35, 177.44
1110, -342.22, -195.43, 1305.79, -10658.26, -37025.45, -37269.59, -6.99, 43.35, 177.44
1140, -301.21, -189.27, 1317.75, -12260.44, -36102.30, -36689.76, -6.99, 43.35, 177.44
1170, -294.13, -207.82, 1309.81, -13710.02, -32348.63, -34790.04, -6.99, 43.35, 177.44
1200, -308.41, -216.37, 1286.74, -13748.17, -28373.72, -33050.54, -6.99, 43.35, 177.44
1230, -312.99, -207.70, 1300.96, -12649.54, -25367.74, -33988.95, -6.98, 43.39, 177.47
1260, -327.33, -188.23, 1320.50, -10826.11, -22834.78, -38665.77, -144.59, 8.53, 154.13
1290, -342.90, -183.96, 1311.22, -10330.20, -19279.48, -40649.41, -144.59, 8.53, 154.13
1320, -346.98, -178.83, 1312.74, -9597.78, -17349.24, -39436.34, -144.59, 8.53, 154.13
1350, -343.69, -168.46, 1314.27, -9056.09, -15327.45, -37681.58, -144.59, 8.53, 154.13
1380, -344.12, -154.66, 1322.51, -8888.24, -13473.51, -37429.81, -144.58, 8.54, 154.12
1410, -376.89, -151.18, 1325.38, -8918.76, -12260.44, -39886.48, 139.42, -51.85, 73.67
1440, -384.40, -118.77, 1329.71, -9849.55, -14053.34, -46340.94, 139.42, -51.85, 73.67
1470, -384.64, -101.87, 1333.19, -11329.65, -14778.14, -50079.34, 139.42, -51.85, 73.67
1500, -401.37, -91.13, 1324.58, -13717.65, -14938.35, -50758.36, 139.42, -51.85, 73.67
1530, -406.80, -87.65, 1331.73, -16380.31, -16288.76, -49972.54, 139.42, -51.85, 73.67
1560, -391.30, -79.90, 1341.67, -18409.73, -17173.77, -50155.64, 139.51, -51.81, 73.57
1590, -397.09, -67.87, 1340.45, -21522.52, -16204.83, -53970.34, -126.79, -13.90, -152.96
1620, -424.68, -101.38, 1326.60, -24528.50, -16555.79, -52749.63, -126.79, -13.90, -152.96
1650, -410.10, -116.09, 1325.20, -23536.68, -17684.94, -52696.23, -126.79, -13.90, -152.96
1680, -386.41, -102.48, 1320.68, -21469.12, -18112.18, -54954.53, -126.79, -13.90, -152.96
1710, -381.29, -83.25, 1319.21, -21507.26, -17395.02, -57319.64, -126.80, -13.89, -152.96
1740, -397.71, -77.39, 1329.35, -22544.86, -17990.11, -61889.65, 170.71, 21.67, -43.32
1770, -417.79, -74.34, 1315.06, -23315.43, -19554.14, -64590.45, 170.71, 21.67, -43.32
1800, -425.60, -72.02, 1297.61, -23956.30, -22026.06, -66413.88, 170.71, 21.67, -43.32
1830, -413.27, -68.48, 1297.24, -24024.96, -23674.01, -65505.98, 170.71, 21.67, -43.32
1860, -406.43, -70.01, 1291.02, -23666.38, -24650.57, -65223.70, 170.69, 21.67, -43.29
1890, -405.15, -69.40, 1296.45, -23239.14, -25794.98, -65238.95, 41.38, 41.46, -163.49
1920, -383.97, -74.89, 1300.72, -24002.07, -25077.82, -63545.23, 41.38, 41.46, -163.49
1950, -372.07, -80.32, 1308.35, -25169.37, -22773.74, -61355.59, 41.38, 41.46, -163.49
1980, -416.93, -80.75, 1313.54, -25413.51, -21308.90, -63484.19, 41.38, 41.46, -163.49
2010, -445.62, -77.51, 1311.65, -25901.79, -24017.33, -67344.66, 41.38, 41.46, -163.49
2040, -429.50, -83.56, 1305.79, -26702.88, -27000.43, -70915.22, 41.40, 41.49, -163.45
2070, -392.27, -91.49, 1316.59, -26260.38, -26329.04, -72517.40, -119.06, 15.51, 154.21
2100, -407.96, -89.54, 1318.79, -25588.99, -23208.62, -71090.70, -119.06, 15.51, 154.21
2130, -445.68, -94.85, 1298.71, -24864.20, -21148.68, -69259.64, -119.06, 15.51, 154.21
2160, -424.07, -92.83, 1293.33, -23536.68, -21980.29, -68984.98, -119.06, 15.51, 154.21
2190, -393.49, -94.73, 1298.58, -22720.34, -20484.92, -67001.34, -119.06, 15.53, 154.20
2220, -370.85, -112.43, 1305.24, -22186.28, -16059.88, -60562.13, 114.60, -27.32, 138.12
2250, -347.41, -111.51, 1316.22, -20767.21, -12901.31, -58006.29, 114.60, -27.32, 138.12
2280, -337.40, -104.61, 1305.85, -20256.04, -8666.99, -57472.23, 114.60, -27.32, 138.12
2310, -362.12, -116.39, 1302.98, -22560.12, -1831.05, -56861.88, 114.60, -27.32, 138.12
2340, -403.38, -130.98, 1294.43, -23681.64, 1548.77, -56808.47, 114.65, -27.32, 138.09
2370, -440.92, -135.07, 1282.35, -23429.87, -404.36, -61645.51, -167.56, -14.30, -84.57
2400, -424.62, -135.44, 1295.04, -23506.16, 602.72, -62919.62, -167.56, -14.30, -84.57
2430, -435.36, -141.54, 1308.53, -23643.49, 4180.91, -63125.61, -167.56, -14.30, -84.57
2460, -455.87, -146.30, 1298.22, -24360.66, 7949.83, -61828.61, -167.56, -14.30, -84.57
2490, -460.45, -170.90, 1287.05, -25108.34, 12886.05, -58822.63, -167.60, -14.29, -84.55
2520, -499.33, -186.46, 1323.30, -23956.30, 19905.09, -58242.80, 146.84, -1.58, 174.60
2550, -538.21, -204.90, 1325.93, -23109.44, 23811.34, -57144.16, 146.84, -1.58, 174.60
2580, -543.88, -232.06, 1353.15, -21163.94, 26786.80, -52749.63, 146.84, -1.58, 174.60
2610, -642.40, -227.48, 1426.09, -16235.35, 29052.73, -49514.77, 146.84, -1.58, 174.60
2640, -809.81, -198.49, 1450.07, -10955.81, 23612.98, -50018.31, 146.86, -1.57, 174.62
2670, -886.05, -122.19, 1433.41, -6721.50, 633.24, -53970.34, -81.18, 66.15, 122.17
2700, -796.88, -77.94, 1403.99, -10871.89, -13099.67, -54458.62, -81.18, 66.15, 122.17
2730, -728.70, -83.07, 1347.66, -17662.05, -19515.99, -54046.63, -81.18, 66.15, 122.17
2760, -694.34, -99.43, 1313.29, -21736.14, -25573.73, -54328.92, -81.18, 66.15, 122.17
2790, -647.52, -101.01, 1233.46, -22636.41, -30662.54, -54336.55, -81.18, 66.15, 122.17
2820, -546.81, -47.85, 1299.80, -21728.52, -34080.50, -52612.30, -81.26, 66.18, 122.10
2850, -363.59, -0.79, 1308.84, -27908.32, -34362.79, -36392.21, 173.85, -0.65, 166.76
2880, -435.79, -67.75, 1301.39, -30441.29, -23757.93, -31463.62, 173.85, -0.65, 166.76
2910, -557.43, -49.93, 1312.81, -20088.20, -27938.84, -42037.96, 173.85, -0.65, 166.76
2940, -501.89, 14.95, 1311.40, -16410.83, -40634.16, -54054.26, 173.87, -0.65, 166.77
2970, -513.06, 6.16, 1325.32, -18730.16, -38314.82, -63552.86, 178.34, 38.37, -3.13
3000, -534.30, -16.97, 1360.78, -21492.00, -29647.83, -64071.66, 178.34, 38.37, -3.13
3030, -563.60, -63.84, 1396.55, -23338.32, -17623.90, -58204.65, 178.34, 38.37, -3.13
3060, -692.99, -65.12, 1390.87, -18966.68, -20812.99, -56533.81, 178.32, 38.36, -3.12
3090, -649.90, -42.36, 1337.34, -15129.09, -38070.68, -56915.28, -66.07, 64.43, 135.88
3120, -538.51, -30.09, 1292.36, -12153.63, -48385.62, -55702.21, -66.07, 64.43, 135.88
3150, -462.46, -9.22, 1194.95, -5538.94, -55152.89, -63308.71, -66.07, 64.43, 135.88
3180, -405.21, 53.83, 1127.26, -1121.52, -54939.27, -73509.22, -66.07, 64.43, 135.88
3210, -400.51, 111.51, 1153.87, -1594.54, -43655.39, -73074.34, -66.13, 64.46, 135.82
3240, -448.00, 139.28, 1148.99, -4791.26, -26222.23, -68107.60, -177.42, 0.34, 167.41
3270, -584.35, 151.79, 1192.87, -7087.71, -15037.54, -60943.60, -177.42, 0.34, 167.41
3300, -704.04, 120.24, 1210.75, -6889.34, -12413.03, -55221.56, -177.42, 0.34, 167.41
3330, -731.20, 101.01, 1222.35, -9620.67, -12863.16, -49171.45, -177.39, 0.36, 167.41
3360, -766.36, 19.59, 1204.83, -14274.60, -17692.57, -43563.84, -176.69, 21.16, 20.60
3390, -591.19, 23.56, 1297.42, -13000.49, -23223.88, -56854.25, -176.69, 21.16, 20.60
3420, -688.05, 42.66, 1274.72, -16052.25, -16273.50, -69900.52, -176.69, 21.16, 20.60
3450, -772.58, 36.07, 1262.39, -21194.46, -25375.37, -72898.87, -176.70, 21.17, 20.60
3480, -665.28, 47.06, 1323.85, -23643.49, -32775.88, -76065.06, 178.72, 22.41, -3.58
3510, -681.64, 38.39, 1279.48, -20401.00, -33790.59, -80337.52, 178.72, 22.41, -3.58
3540, -677.80, 99.98, 1315.55, -11260.99, -31021.12, -81130.98, 178.72, 22.41, -3.58
3570, -678.89, 186.52, 1409.24, -7614.14, -26229.86, -78170.77, 178.70, 22.42, -3.56
3600, -702.27, 242.80, 1406.07, -6118.77, -16387.94, -70312.50, 54.81, 58.00, -147.56
3630, -828.92, 242.55, 1438.54, -9193.42, -12214.66, -62347.41, 54.81, 58.00, -147.56
3660, -904.85, 241.58, 1487.55, -12840.27, -19760.13, -65010.07, 54.81, 58.00, -147.56
3690, -867.55, 280.76, 1450.74, -16990.66, -31082.15, -67527.77, 54.85, 58.03, -147.49
3720, -917.36, 209.72, 1336.55, -27412.41, -46386.72, -71121.22, -101.10, 9.30, 168.82
3750, -723.88, 167.18, 1305.79, -26870.73, -64346.31, -73127.75, -101.10, 9.30, 168.82
3780, -517.03, 89.66, 1182.62, -28770.45, -69549.56, -64605.71, -101.10, 9.30, 168.82
3810, -513.67, -62.32, 1063.29, -27389.53, -65673.83, -65101.63, -101.10, 9.30, 168.82
3840, -478.03, 5.92, 928.53, -8064.27, -75492.86, -83045.96, -101.10, 9.33, 168.81
3870, -343.81, 131.35, 976.44, -7972.72, -87142.95, -88150.02, 131.68, -7.55, 163.05
3900, -124.39, 151.98, 1073.12, -12710.57, -96694.95, -99060.06, 131.68, -7.55, 163.05
3930, -19.04, 275.76, 1091.00, 1396.18, -76126.10, -128875.73, 131.68, -7.55, 163.05
3960, -300.90, 421.88, 1075.56, 11215.21, -46028.14, -155494.69, 131.72, -7.54, 163.05
3990, -555.48, 436.83, 925.35, 5050.66, -32432.56, -153427.13, -179.63, 9.02, 11.88
4020, -692.75, 598.57, 1138.61, -907.90, -21133.42, -130668.64, -179.63, 9.02, 11.88
4050, -878.85, 638.79, 1114.14, -16616.82, -8544.92, -102447.51, -179.63, 9.02, 11.88
4080, -911.13, 557.50, 1279.97, -43586.73, -44761.66, -65818.79, -179.65, 9.04, 11.90
4110, -159.30, 285.34, 1271.61, -71266.17, -74646.00, -62950.13, -176.03, 72.23, 6.22
4140, -116.03, 146.18, 1351.44, -81207.27, -58013.91, -68069.46, -176.03, 72.23, 6.22
4170, -117.92, -18.07, 1353.88, -75515.75, -41839.60, -57876.59, -176.09, 72.19, 6.18
4200, -352.60, -90.33, 1248.54, -52551.27, -20500.18, -51933.29, -130.50, 20.12, 138.40
4230, -540.22, -4.58, 1222.96, -26924.13, -20065.31, -54954.53, -130.50, 20.12, 138.40
4260, -637.82, 191.41, 1175.48, -12985.23, -26611.33, -50926.21, -130.50, 20.12, 138.40
4290, -655.94, 232.85, 1104.74, -25398.25, -41336.06, -24047.85, -130.50, 20.15, 138.37
4320, -385.93, 173.46, 1085.21, -40611.27, -61988.83, -19233.70, 59.37, -41.89, 155.11
4350, -247.74, 121.52, 1065.12, -52543.64, -59844.97, -28167.72, 59.37, -41.89, 155.11
4380, -251.16, 29.60, 1047.00, -63331.61, -53253.17, -31738.28, 59.37, -41.89, 155.11
4410, -202.45, -18.01, 1063.23, -69351.20, -45860.29, -31257.63, 59.39, -41.91, 155.08
4440, -227.05, -75.32, 1113.46, -73181.16, -35781.86, -24833.68, -103.38, -11.52, -165.58
4470, -160.03, -118.41, 1186.77, -72486.88, -32905.58, -28739.93, -103.38, -11.52, -165.58
4500, -209.29, -156.31, 1249.27, -72456.36, -19813.54, -31547.55, -103.38, -11.52, -165.58
4530, -237.61, -190.61, 1428.22, -66459.66, -16380.31, -34568.79, -103.39, -11.51, -165.58
4560, -278.20, -181.09, 1422.91, -57579.04, -13092.04, -42518.62, 176.34, 5.20, -61.07
4590, -461.49, -218.81, 1360.05, -54328.92, -10559.08, -38612.37, 176.34, 5.20, -61.07
4620, -433.72, -277.04, 1462.28, -45433.04, -21171.57, -43739.32, 176.34, 5.20, -61.07
4650, -345.76, -273.74, 1481.51, -32638.55, -22804.26, -44944.76, 176.34, 5.20, -61.07
4680, -428.41, -217.04, 1406.62, -18707.28, -29434.20, -50949.10, 176.31, 5.20, -61.05
4710, -326.60, -60.73, 1349.73, -11039.73, -36361.70, -60127.26, 95.46, 32.77, -143.81
4740, -306.95, 56.40, 1319.82, -13931.27, -36254.88, -53604.13, 95.46, 32.77, -143.81
4770, -320.92, 63.05, 1239.69, -21873.47, -32943.73, -43983.46, 95.46, 32.77, -143.81
4800, -329.22, 55.36, 1257.69, -26443.48, -34614.56, -40756.23, 95.48, 32.79, -143.78
4830, -175.54, 64.51, 1291.02, -31829.83, -38139.34, -40611.27, -104.36, 10.41, 166.75
4860, -109.44, 30.94, 1310.97, -39527.89, -31829.83, -42472.84, -104.36, 10.41, 166.75
4890, -268.07, -70.13, 1256.16, -39161.68, -25520.32, -44960.02, -104.36, 10.41, 166.75
4920, -270.75, -17.70, 1255.98, -33233.64, -28411.87, -44685.36, -104.36, 10.43, 166.73
4950, -218.87, 11.29, 1251.40, -34919.74, -28396.61, -44639.59, 121.27, 2.53, -175.43
4980, -255.00, -75.26, 1243.35, -38749.70, -25634.77, -37582.40, 121.27, 2.53, -175.43
5010, -280.58, -130.49, 1255.55, -33317.57, -20004.27, -37979.13, 121.27, 2.53, -175.43
5040, -270.81, -54.08, 1318.30, -30914.31, -17967.22, -44738.77, 121.29, 2.54, -175.40
5070, -301.21, -117.00, 1320.07, -39787.29, -16845.70, -40130.62, -64.53, 44.07, 151.64
5100, -420.17, -182.19, 1240.60, -41069.03, -11184.69, -45883.18, -64.53, 44.07, 151.64
5130, -581.79, -150.94, 1222.41, -39535.52, -13702.39, -60081.48, -64.53, 44.07, 151.64
5160, -604.13, -132.32, 1162.48, -40275.57, -22712.71, -60142.52, -64.54, 44.11, 151.62
5190, -390.93, -143.74, 1242.07, -41824.34, -34255.98, -44792.18, 172.32, -1.23, 160.42
5220, -127.62, -167.60, 1327.45, -49743.65, -39665.22, -33851.63, 172.32, -1.23, 160.42
5250, -5.55, -321.35, 1330.44, -66116.34, -43113.71, -26359.56, 172.32, -1.23, 160.42
5280, 114.75, -502.26, 1312.32, -74249.27, -45486.45, -16159.06, 172.32, -1.23, 160.42
5310, 171.75, -666.63, 1340.39, -78033.45, -29327.39, -17791.75, 172.34, -1.24, 160.43
5340, 61.10, -786.87, 1395.81, -64155.58, -4570.01, -39642.34, 118.06, 49.73, -104.02
5370, -334.29, -792.79, 1328.61, -41946.41, 16174.32, -59112.55, 118.06, 49.73, -104.02
5400, -651.86, -708.86, 1339.23, -18737.79, 6446.84, -73768.62, 118.06, 49.73, -104.02
5430, -740.05, -586.79, 1268.43, -6721.50, -16136.17, -71014.41, 118.09, 49.72, -103.97
5460, -527.95, -437.38, 1309.81, -76.29, -39627.07, -82977.30, -79.61, 37.30, 148.88
5490, -385.50, -278.69, 1335.51, 2349.85, -53070.07, -88577.27, -79.61, 37.30, 148.88
5520, -256.53, -199.52, 1283.33, -7034.30, -62667.85, -81108.09, -79.61, 37.30, 148.88
5550, -86.67, -158.51, 1335.21, -10520.94, -64369.20, -90126.04, -79.63, 37.33, 148.87
5580, 5.55, -134.03, 1312.19, -16784.67, -62492.37, -84709.16, 153.53, -3.86, 163.35
5610, 43.46, -222.96, 1287.72, -23689.27, -53474.43, -63652.04, 153.53, -3.86, 163.35
5640, -60.79, -215.45, 1211.61, -19462.59, -40138.25, -71250.91, 153.53, -3.86, 163.35
5670, -168.33, -189.45, 1261.90, -23208.62, -32356.26, -69877.63, 153.56, -3.86, 163.36
5700, -322.69, -269.53, 1224.12, -27313.23, -32760.62, -63514.71, 170.11, 62.30, -15.35
5730, -353.70, -343.08, 1241.82, -25947.57, -43479.92, -63385.01, 170.11, 62.30, -15.35
5760, -281.56, -437.07, 1238.83, -13717.65, -53977.96, -65757.75, 170.11, 62.30, -15.35
5790, -157.47, -466.67, 1235.53, 5538.94, -55496.21, -56518.55, 170.08, 62.27, -15.37
5820, -178.71, -107.85, 1188.54, 38902.28, -35675.05, -49041.75, -120.79, 26.04, 136.17
5850, -190.43, -15.87, 1204.77, 35827.64, -39306.64, -51300.05, -120.79, 26.04, 136.17
5880, -75.26, 107.60, 1220.64, 29884.34, -45387.27, -47737.12, -120.80, 26.05, 136.15
5910, -19.65, 170.90, 1184.39, 11322.02, -40954.59, -40657.04, 60.04, -7.86, 175.41
5940, -179.99, 84.96, 1121.52, -10810.85, -33691.41, -50392.15, 60.04, -7.86, 175.41
5970, -291.87, 60.36, 1080.38, -15907.29, -41755.68, -63232.42, 60.04, -7.86, 175.41
6000, -190.43, 35.03, 1062.07, -29411.32, -41793.82, -36293.03, 60.04, -7.86, 175.41
6030, -121.70, -117.25, 1142.82, -34133.91, -33493.04, -33699.04, 60.04, -7.84, 175.43
6060, -177.31, -163.64, 1164.67, -27084.35, -19615.17, -45806.88, -80.97, 18.70, 164.16
6090, -192.26, -92.59, 1302.98, -23658.75, -17150.88, -44906.62, -80.97, 18.70, 164.16
6120, -161.68, -95.40, 1342.71, -22102.36, -17951.96, -52169.80, -80.97, 18.70, 164.16
6150, -305.73, -89.90, 1233.70, -19096.38, -28701.78, -52604.68, -80.98, 18.73, 164.15
6180, -139.59, -43.58, 1210.08, -23719.79, -47538.76, -44876.10, 152.77, 2.47, -169.58
6210, 151.61, -78.06, 1199.10, -30242.92, -39588.93, -42503.36, 152.77, 2.47, -169.58
6240, 64.27, -152.53, 1198.91, -25695.80, -22796.63, -45677.18, 152.77, 2.47, -169.58
6270, -126.65, -150.63, 1105.65, -22048.95, -20278.93, -52978.52, 152.79, 2.47, -169.55
6300, -171.39, -142.88, 1120.36, -17738.34, -24505.62, -63560.48, -48.90, 50.26, 156.23
6330, -80.51, -50.48, 1174.38, -16662.60, -27084.35, -59494.02, -48.90, 50.26, 156.23
6360, -89.17, -65.92, 1161.19, -16616.82, -19065.86, -55175.78, -48.90, 50.26, 156.23
6390, -200.74, -31.37, 1116.82, -13710.02, -24406.43, -47729.49, -48.92, 50.30, 156.21
6420, 12.33, -11.23, 1146.00, -18287.66, -35675.05, -47409.06, -176.80, 0.36, 169.02
6450, -19.65, -95.76, 1091.49, -20339.96, -26077.27, -55603.03, -176.80, 0.36, 169.02
6480, -147.40, -86.73, 1102.36, -10444.64, -28701.78, -50323.48, -176.80, 0.36, 169.02
6510, 3.54, 41.87, 1102.78, -6553.65, -36369.32, -51551.82, -176.78, 0.36, 169.02
6540, 11.72, 100.59, 1099.37, -8712.77, -33615.11, -59761.05, 175.38, 9.79, -44.92
6570, -25.70, 137.33, 1120.79, -13237.00, -30197.14, -52917.48, 175.38, 9.79, -44.92
6600, 1.40, 134.28, 1136.72, -22308.35, -29594.42, -40939.33, 175.38, 9.79, -44.92
6630, -18.13, 2.93, 1117.31, -31921.39, -29037.48, -32356.26, 175.38, 9.79, -44.92
6660, 32.71, -124.08, 1163.51, -36643.98, -31272.89, -27885.44, 175.35, 9.78, -44.89
6690, 6.47, -209.23, 1144.78, -34645.08, -28045.65, -40214.54, 92.43, 60.14, -117.22
6720, -23.99, -183.17, 1200.68, -27519.23, -30036.93, -48454.29, 92.43, 60.14, -117.22
6750, -40.04, -150.33, 1145.32, -20874.02, -27404.79, -53504.95, 92.43, 60.14, -117.22
6780, -156.80, -95.15, 1175.17, -13107.30, -23185.73, -48812.87, 92.50, 60.14, -117.13
6810, -138.06, 13.00, 1205.69, -8590.70, -29640.20, -39932.25, -99.98, 21.52, 154.73
6840, -105.10, 74.28, 1130.37, -12153.63, -34873.96, -39894.11, -99.98, 21.52, 154.73
6870, -20.45, 86.49, 1133.61, -20751.95, -38711.55, -43663.02, -99.98, 21.52, 154.73
6900, 37.41, 51.57, 1137.94, -26504.52, -37490.84, -43952.94, -99.99, 21.54, 154.71
6930, 47.18, 31.80, 1095.95, -26840.21, -37963.87, -43136.60, 101.73, 2.96, -176.31
6960, 70.68, 28.20, 1055.79, -28144.84, -32089.23, -43800.36, 101.73, 2.96, -176.31
6990, -2.14, 16.85, 1073.36, -28099.06, -22499.08, -45784.00, 101.73, 2.96, -176.31
7020, -140.50, 9.83, 1050.96, -29640.20, -18547.06, -50254.82, 101.75, 2.98, -176.28
7050, -207.58, -3.23, 1076.97, -32333.38, -23231.51, -50209.05, -87.17, 35.94, 146.01
7080, -160.71, -28.14, 1065.12, -34515.38, -26275.63, -44769.29, -87.17, 35.94, 146.01
7110, -123.11, -50.35, 1064.51, -37528.99, -28099.06, -39642.34, -87.17, 35.94, 146.01
7140, -66.65, -144.35, 1069.64, -42648.32, -28648.38, -32783.51, -87.19, 35.97, 145.99
7170, 150.94, -158.75, 1178.28, -41976.93, -19691.47, -30868.53, 128.45, -2.41, 174.96
7200, 222.35, -96.37, 1227.42, -41931.15, -6095.89, -30342.10, 128.45, -2.41, 174.96
7230, 32.10, -163.02, 1143.43, -52986.14, 7965.09, -31509.40, 128.45, -2.41, 174.96
7260, -140.93, -320.92, 1171.20, -61409.00, 1358.03, -36643.98, 128.45, -2.41, 174.96
7290, -114.81, -407.23, 1163.39, -54740.91, -14976.50, -43205.26, 128.47, -2.41, 174.99
7320, 34.00, -414.67, 1187.62, -41290.28, -19462.59, -42076.11, -2.25, 62.72, 178.98
7350, 58.04, -358.28, 1217.90, -25558.47, -11474.61, -50125.12, -2.25, 62.72, 178.98
7380, -52.00, -246.89, 1228.39, -16952.52, -10467.53, -62599.18, -2.25, 62.72, 178.98
7410, -154.66, -202.03, 1203.37, -12260.44, -14465.33, -66497.80, -2.21, 62.76, 179.02
7440, -213.87, -141.36, 1177.31, -9346.01, -24520.88, -57319.64, -147.59, 10.47, 145.61
7470, -133.73, -98.21, 1171.69, -10673.52, -34332.27, -49278.26, -147.59, 10.47, 145.61
7500, 2.56, -91.49, 1200.38, -14785.77, -36506.65, -47340.39, -147.59, 10.47, 145.61
7530, -2.32, -135.01, 1185.91, -15769.96, -35308.84, -48561.10, -147.58, 10.47, 145.60
7560, 18.62, -118.77, 1192.38, -12886.05, -40107.73, -53176.88, -30.54, -68.68, -159.26
7590, 132.81, -58.90, 1162.11, -9452.82, -32394.41, -56533.81, -30.54, -68.68, -159.26
7620, 9.64, -60.12, 1183.04, -8201.60, -27328.49, -46730.04, -30.60, -68.73, -159.22
7650, 20.51, -54.14, 1190.06, -8522.03, -22506.71, -39237.98, -151.97, 1.98, 172.26
7680, -110.35, -88.99, 1168.33, -12626.65, -10147.09, -38459.78, -151.97, 1.98, 172.26
7710, -237.85, -123.35, 1217.41, -16471.86, -7492.07, -36819.46, -151.97, 1.98, 172.26
7740, -305.91, -146.73, 1202.76, -16662.60, -9178.16, -40077.21, -151.97, 1.98, 172.26
7770, -339.05, -166.75, 1196.59, -17303.47, -19836.43, -38894.65, -151.96, 1.99, 172.27
7800, -225.52, -156.62, 1186.65, -18463.13, -28579.71, -40840.15, -163.36, 19.61, 82.33
7830, -164.67, -138.31, 1190.80, -17456.05, -30128.48, -48309.33, -163.36, 19.61, 82.33
7860, -104.43, -94.91, 1178.65, -14038.09, -35827.64, -50422.67, -163.36, 19.61, 82.33
7890, 39.06, -54.50, 1178.34, -12329.10, -38726.80, -48454.29, -163.37, 19.62, 82.29
7920, 106.93, -30.64, 1127.01, -13107.30, -34393.31, -47866.82, 1.55, -1.26, 179.98
7950, 48.22, -30.76, 1108.58, -16044.62, -32226.56, -49537.66, 1.55, -1.26, 179.98
7980, 74.71, -27.83, 1071.84, -18402.10, -30525.21, -49110.41, 1.55, -1.26, 179.98
8010, 50.66, -11.23, 1099.55, -23178.10, -25695.80, -45730.59, 1.55, -1.22, 179.99
8040, 105.29, -49.56, 1156.25, -29685.97, -22262.57, -46981.81, -147.87, -4.71, -164.06
8070, 81.30, -86.30, 1165.83, -28823.85, -15335.08, -53268.43, -147.87, -4.71, -164.06
8100, 17.46, -65.37, 1224.73, -25115.97, -12298.58, -53535.46, -147.87, -4.71, -164.06
8130, -67.32, -102.84, 1217.22, -25543.21, -12176.51, -45143.13, -147.87, -4.71, -164.06
8160, -163.15, -157.04, 1201.60, -23643.49, -15937.80, -39222.72, -59.66, -36.89, -158.62
8190, -154.91, -178.47, 1204.83, -21705.63, -22598.27, -40130.62, -59.66, -36.89, -158.62
8220, -126.28, -170.65, 1194.58, -17814.64, -29296.88, -46150.21, -59.66, -36.89, -158.62
8250, -100.59, -122.56, 1168.27, -16082.76, -31417.85, -49263.00, -59.69, -36.89, -158.61
8280, -73.61, -108.70, 1144.10, -17509.46, -33050.54, -46989.44, -153.65, 51.60, 52.71
8310, -17.82, -113.22, 1146.73, -19538.88, -34416.20, -46524.05, -153.65, 51.60, 52.71
8340, -19.59, -112.85, 1193.60, -20835.88, -26710.51, -49217.22, -153.65, 51.60, 52.71
8370, -91.06, -96.01, 1204.71, -20744.32, -28785.71, -54122.93, -153.65, 51.60, 52.71
8400, -123.35, -72.20, 1158.08, -22148.13, -32508.85, -61599.73, -153.70, 51.58, 52.66
8430, -57.31, -45.17, 1184.75, -22789.00, -40237.43, -60188.29, 123.18, -10.07, 161.29
8460, 15.63, -46.45, 1168.46, -27275.09, -39352.42, -53688.05, 123.18, -10.07, 161.29
8490, 17.33, -45.23, 1129.94, -31616.21, -36895.75, -58677.67, 123.18, -10.07, 161.29
8520, -25.27, -43.09, 1106.20, -38055.42, -35194.40, -64773.56, 123.21, -10.07, 161.30
8550, -67.81, -98.94, 1106.26, -44761.66, -29869.08, -63598.63, 153.06, 60.85, -43.49
8580, -73.61, -169.31, 1098.02, -46791.08, -28320.31, -60676.57, 153.06, 60.85, -43.49
8610, -118.16, -215.64, 1083.62, -45158.39, -27839.66, -61477.66, 153.06, 60.85, -43.49
8640, -88.62, -226.44, 1111.45, -41809.08, -30975.34, -60455.32, 153.07, 60.81, -43.46
8670, -58.23, -196.04, 1062.56, -39024.35, -29609.68, -61286.93, -127.53, 30.93, 121.99
8700, -52.12, -176.76, 1096.86, -38200.38, -27648.93, -61698.91, -127.53, 30.93, 121.99
8730, -88.01, -197.75, 1098.69, -42037.96, -20866.39, -56434.63, -127.53, 30.93, 121.99
8760, -87.04, -254.64, 1179.32, -42030.34, -25390.63, -52894.59, -127.54, 30.94, 121.96
8790, 36.74, -239.20, 1198.91, -36003.11, -33103.94, -55877.69, 58.19, -24.47, 166.08
8820, 127.44, -214.60, 1218.63, -32699.59, -32768.25, -54664.61, 58.19, -24.47, 166.08
8850, 138.37, -227.91, 1185.24, -28678.89, -26420.59, -52024.84, 58.19, -24.47, 166.08
8880, 91.43, -217.96, 1145.69, -22911.07, -24971.01, -51841.73, 58.20, -24.46, 166.10
8910, 51.70, -201.54, 1066.35, -21888.73, -17616.27, -53070.07, 0.45, 52.37, -179.50
8940, -67.32, -200.20, 1053.89, -21659.85, -14755.25, -57968.14, 0.45, 52.37, -179.50
8970, -116.76, -164.00, 1043.64, -22552.49, -15472.41, -62728.88, 0.45, 52.37, -179.50
9000, -75.56, -131.59, 1100.89, -25459.29, -19607.54, -60523.99, 0.45, 52.37, -179.50
9030, -62.62, -151.00, 1130.19, -23834.23, -23284.91, -56785.58, 0.47, 52.40, -179.47
9060, 40.89, -109.19, 1151.79, -20072.94, -22300.72, -53115.84, -144.03, 11.35, 146.48
9090, 40.53, -119.63, 1157.90, -19783.02, -20126.34, -44616.70, -144.03, 11.35, 146.48
9120, -35.83, -151.25, 1113.34, -16258.24, -18325.80, -41755.68, -144.03, 11.35, 146.48
9150, -71.11, -145.63, 1072.27, -14015.20, -20385.74, -40863.04, -144.02, 11.36, 146.47
9180, -49.01, -142.15, 1078.25, -14625.55, -24650.57, -41183.47, -4.86, -74.48, -176.73
9210, 37.60, -139.77, 1124.94, -18547.06, -26840.21, -42022.70, -4.86, -74.48, -176.73
9240, 33.81, -194.82, 1120.00, -21621.70, -22575.38, -41687.01, -4.86, -74.48, -176.73
9270, 38.70, -198.73, 1170.90, -18241.88, -22399.90, -46470.64, -4.88, -74.53, -176.72
9300, 40.34, -163.15, 1140.87, -18142.70, -19027.71, -50727.84, -154.52, 0.74, 176.80
9330, -75.56, -176.45, 1113.77, -23719.79, -18814.09, -52444.46, -154.52, 0.74, 176.80
9360, -54.57, -160.71, 1151.00, -24055.48, -17639.16, -56549.07, -154.52, 0.74, 176.80
9390, -178.04, -169.74, 1114.75, -25123.60, -18310.55, -58479.31, -154.51, 0.75, 176.81
9420, -168.40, -165.53, 1119.51, -23506.16, -33691.41, -56488.04, -137.99, 38.97, 95.50
9450, 82.28, -119.75, 1103.27, -23384.09, -37017.82, -54145.81, -137.99, 38.97, 95.50
9480, 123.90, -136.41, 1074.89, -27313.23, -24108.89, -56129.46, -137.99, 38.97, 95.50
9510, 66.47, -117.43, 1191.04, -29472.35, -17280.58, -67146.30, -138.01, 38.98, 95.45
9540, -97.53, -96.07, 1128.05, -30609.13, -14274.60, -70053.10, 60.79, -22.21, 166.72
9570, -202.09, -157.59, 1139.83, -30143.74, -24971.01, -54283.14, 60.79, -22.21, 166.72
9600, 2.75, -160.83, 1126.46, -22819.52, -35415.65, -48233.03, 60.79, -22.21, 166.72
9630, 134.22, -101.87, 1120.54, -19676.21, -29388.43, -51292.42, 60.80, -22.21, 166.73
9660, 131.04, -99.00, 1134.03, -21888.73, -16807.56, -52421.57, 11.33, 62.28, -172.80
9690, 42.79, -111.27, 1136.90, -25154.11, -11344.91, -46943.66, 11.33, 62.28, -172.80
9720, 2.14, -144.96, 1142.03, -28442.38, -8338.93, -48332.21, 11.33, 62.28, -172.80
9750, -116.64, -205.38, 1152.22, -29396.06, -7850.65, -50430.30, 11.38, 62.31, -172.74
9780, -184.81, -233.15, 1151.73, -23262.02, -18066.41, -47798.16, -141.25, 14.86, 139.88
9810, -20.87, -162.29, 1145.32, -19409.18, -29464.72, -47149.66, -141.25, 14.86, 139.88
9840, 59.02, -139.65, 1127.56, -22727.97, -29869.08, -49705.50, -141.25, 14.86, 139.88
9870, 74.71, -156.07, 1107.30, -27954.10, -26016.23, -51345.82, -141.24, 14.87, 139.86
9900, 60.18, -181.03, 1161.19, -30929.57, -21514.89, -54450.99, -3.74, -50.02, -178.52
9930, -39.18, -211.85, 1130.25, -31250.00, -15716.55, -55366.52, -3.74, -50.02, -178.52
9960, -103.52, -221.50, 1170.17, -29319.76, -20660.40, -56358.34, -3.74, -50.02, -178.52
9990, -101.38, -180.85, 1169.49, -28533.94, -24696.35, -61248.78, -3.74, -50.02, -178.52
10020, -132.57, -164.86, 1208.92, -30601.50, -33172.61, -64208.98, -3.75, -50.04, -178.51
10050, 2.56, -128.66, 1184.94, -32615.66, -48812.87, -68199.16, -136.37, 16.80, 140.06
10080, 191.10, -99.91, 1128.23, -33027.65, -52558.90, -70892.34, -136.37, 16.80, 140.06
10110, 267.88, -135.99, 1161.19, -35797.12, -43922.43, -62088.01, -136.37, 16.80, 140.06
10140, 180.24, -136.11, 1080.02, -35148.62, -26016.23, -63240.05, -136.36, 16.81, 140.04
10170, 12.27, -146.36, 1113.40, -39237.98, -16510.01, -67634.59, 15.18, -49.84, 172.65
10200, -151.79, -219.67, 1077.21, -42129.52, -14328.00, -68634.03, 15.18, -49.84, 172.65
10230, -239.01, -193.30, 1137.33, -36460.88, -25085.45, -74470.52, 15.18, -49.84, 172.65
10260, -211.36, -146.67, 1116.21, -36453.25, -34065.25, -70182.80, 15.17, -49.86, 172.65
10290, -216.00, -206.12, 1043.82, -36354.07, -42114.26, -63682.55, -142.34, 14.33, 140.17
10320, 51.45, -198.79, 1130.98, -32325.74, -49842.84, -59333.80, -142.34, 14.33, 140.17
10350, 310.55, -129.64, 1183.72, -29373.17, -32562.26, -55702.21, -142.34, 14.33, 140.17
10380, 170.35, -126.71, 1160.10, -33424.38, -12107.85, -48599.24, -142.33, 14.33, 140.15
10410, -52.25, -205.75, 1141.11, -39581.30, -10002.14, -46875.00, 0.39, -62.94, 179.42
10440, -92.41, -259.89, 1158.26, -40031.43, -20858.77, -53474.43, 0.39, -62.94, 179.42
10470, -29.72, -299.13, 1156.86, -33744.81, -31158.45, -53695.68, 0.39, -62.94, 179.42
10500, 81.60, -261.54, 1097.60, -22567.75, -28762.82, -53108.21, 0.37, -62.98, 179.42
10530, 88.81, -208.56, 1091.67, -15556.34, -25619.51, -47279.36, -149.98, 5.91, 158.65
10560, 111.33, -123.17, 1097.84, -14183.04, -22727.97, -48095.70, -149.98, 5.91, 158.65
10590, 17.15, -126.89, 1086.85, -21598.82, -19584.66, -49934.39, -149.98, 5.91, 158.65
10620, -35.10, -192.87, 1099.06, -23773.19, -18630.98, -52230.84, -149.98, 5.91, 158.65
10650, -0.98, -170.47, 1151.06, -20599.37, -21614.07, -50262.45, -149.97, 5.91, 158.65
10680, -14.53, -184.08, 1134.89, -17562.87, -23300.17, -44746.40, -172.46, -52.12, -16.48
10710, 57.86, -156.92, 1125.55, -12931.82, -26046.75, -41320.80, -172.46, -52.12, -16.48
10740, 108.22, -126.28, 1121.95, -13824.46, -24375.92, -39756.77, -172.46, -52.12, -16.48
10770, 90.58, -161.19, 1121.03, -16990.66, -20980.84, -38925.17, -172.51, -52.07, -16.44
10800, 97.17, -113.10, 1114.69, -22254.94, -19515.99, -42083.74, 169.26, 3.00, -147.21
10830, 43.40, -224.91, 1135.50, -31967.16, -12969.97, -45715.33, 169.26, 3.00, -147.21
10860, -72.57, -335.69, 1172.12, -29235.84, -9101.87, -47737.12, 169.26, 3.00, -147.21
10890, -118.23, -316.96, 1191.35, -21759.03, -12214.66, -48767.09, 169.26, 3.00, -147.18
10920, -164.67, -288.02, 1165.10, -21240.23, -17196.66, -56945.80, -32.57, 6.14, 178.23
10950, -219.30, -283.94, 1126.83, -20759.58, -27946.47, -64849.85, -32.57, 6.14, 178.23
10980, -23.19, -208.62, 1146.55, -18287.66, -42488.10, -70137.02, -32.57, 6.14, 178.23
11010, 129.21, -120.91, 1125.31, -16860.96, -39733.89, -76713.56, -32.58, 6.17, 178.24
11040, 72.51, -65.12, 1093.08, -19447.33, -32249.45, -76965.33, -166.90, -2.88, -156.40
11070, 113.89, -43.76, 1136.17, -28831.48, -29411.32, -80741.88, -166.90, -2.88, -156.40
11100, 41.99, -95.09, 1144.17, -31997.68, -13336.18, -75996.40, -166.90, -2.88, -156.40
11130, -198.12, -140.75, 1133.85, -27343.75, -9963.99, -70686.34, -166.90, -2.87, -156.38
11160, -250.37, -82.95, 1114.26, -20103.46, -22224.43, -67268.38, -53.90, -1.25, -179.38
11190, -117.74, 8.79, 1101.56, -20896.91, -31990.05, -65299.99, -53.90, -1.25, -179.38
11220, -19.29, 11.35, 1122.92, -31929.02, -28617.86, -60264.59, -53.90, -1.25, -179.38
11250, -11.84, -46.75, 1157.35, -36407.47, -24940.49, -56320.19, -53.91, -1.23, -179.39
11280, 105.65, -69.70, 1252.99, -34896.85, -26000.98, -53337.10, 166.88, 7.25, -120.04
11310, -14.71, -112.55, 1173.40, -31349.18, -17166.14, -53344.73, 166.88, 7.25, -120.04
11340, -129.82, -114.69, 1175.23, -26565.55, -24887.09, -49942.02, 166.88, 7.25, -120.04
11370, -26.67, -97.29, 1110.84, -25993.35, -30082.70, -47302.25, 166.88, 7.24, -120.02
11400, -35.83, -93.99, 1092.96, -27153.02, -28404.24, -48324.59, 17.49, 13.41, -177.87
11430, -15.44, -120.00, 1100.34, -28137.21, -27503.97, -49446.11, 17.49, 13.41, -177.87
11460, -35.16, -137.15, 1104.49, -26954.65, -24101.26, -49537.66, 17.49, 13.41, -177.87
11490, -6.84, -105.96, 1130.98, -23567.20, -23857.12, -50117.49, 17.49, 13.45, -177.84
11520, 29.79, -89.23, 1141.78, -22491.46, -21461.49, -48027.04, -117.79, 2.61, 175.72
11550, 16.17, -79.47, 1176.33, -21850.59, -18569.95, -46684.27, -117.79, 2.61, 175.72
11580, 8.12, -73.91, 1186.46, -22895.81, -17074.59, -45654.30, -117.79, 2.61, 175.72
11610, -61.83, -85.88, 1183.35, -22567.75, -16815.19, -46104.43, -117.79, 2.62, 175.71
11640, -118.41, -91.06, 1095.28, -23597.72, -22766.11, -42144.77, 139.00, 6.96, -161.21
11670, -50.35, -102.48, 1070.74, -25497.44, -31112.67, -40229.80, 139.00, 6.96, -161.21
11700, 63.72, -108.83, 1051.45, -28511.05, -31097.41, -42152.41, 139.00, 6.96, -161.21
11730, 75.68, -142.70, 1017.03, -31288.15, -21118.16, -45974.73, 139.01, 6.96, -161.18
11760, 71.72, -148.68, 1104.80, -29830.93, -8888.24, -49263.00, -36.25, 38.18, 167.28
11790, -92.41, -161.80, 1117.80, -27610.78, 289.92, -49591.06, -36.25, 38.18, 167.28
11820, -196.78, -161.87, 1175.78, -23986.82, -7438.66, -45104.98, -36.25, 38.18, 167.28
11850, -58.96, -86.18, 1213.07, -25260.93, -17021.18, -41244.51, -36.25, 38.18, 167.28
11880, -31.01, -152.77, 1197.14, -33111.57, -16242.98, -35659.79, -36.26, 38.22, 167.29
11910, -90.21, -237.18, 1166.56, -32646.18, -19302.37, -34614.56, -155.74, 4.20, 161.09
11940, -21.30, -258.36, 1151.98, -29426.57, -24810.79, -33065.80, -155.74, 4.20, 161.09
11970, 117.98, -268.01, 1180.18, -25344.85, -24604.80, -31532.29, -155.74, 4.20, 161.09
12000, 176.88, -257.45, 1221.07, -21896.36, -16082.76, -37315.37, -155.73, 4.19, 161.09
12030, 53.10, -251.71, 1185.67, -19210.82, -7225.04, -47622.68, 178.50, 1.57, -61.77
12060, -157.47, -268.74, 1121.70, -16365.05, -5470.28, -56976.32, 178.50, 1.57, -61.77
12090, -206.73, -212.71, 1126.10, -12138.37, -14602.66, -58860.78, 178.50, 1.57, -61.77
12120, -247.99, -215.03, 1072.08, -14450.07, -20164.49, -54954.53, 178.47, 1.57, -61.74
12150, -188.90, -193.42, 1069.03, -12146.00, -31356.81, -57777.41, 93.43, 25.57, -152.65
12180, 50.72, -106.63, 1134.89, -13153.08, -35705.57, -61019.90, 93.43, 25.57, -152.65
12210, 185.55, -61.65, 1195.86, -17044.07, -28106.69, -62454.22, 93.43, 25.57, -152.65
12240, 157.90, -59.81, 1244.51, -22071.84, -17074.59, -60401.92, 93.45, 25.58, -152.63
12270, 34.18, -95.03, 1277.71, -25566.10, -12687.68, -59722.90, -96.02, 15.19, 163.31
12300, -121.09, -136.72, 1200.93, -24757.38, -12359.62, -61141.97, -96.02, 15.19, 163.31
12330, -232.85, -162.78, 1194.46, -25566.10, -23368.84, -57434.08, -96.02, 15.19, 163.31
12360, -108.40, -157.17, 1166.32, -26451.11, -32745.36, -53268.43, -96.03, 15.21, 163.30
12390, -140.38, -191.59, 1119.69, -29220.58, -30395.51, -54870.61, 150.25, -1.52, 174.20
12420, -132.57, -228.76, 1132.45, -27008.06, -35942.08, -58868.41, 150.25, -1.52, 174.20
12450, 11.90, -185.55, 1128.36, -21865.84, -35438.54, -64338.68, 150.25, -1.52, 174.20
12480, -30.40, -128.85, 1099.98, -17402.65, -28106.69, -64552.31, 150.25, -1.52, 174.20
12510, -69.03, -82.40, 1085.51, -20751.95, -24673.46, -60615.54, 150.27, -1.52, 174.22
12540, -37.11, -86.79, 1139.28, -28678.89, -23826.60, -61180.11, 124.89, 81.44, -61.83
12570, -151.12, -143.43, 1119.93, -31036.38, -22377.01, -63293.46, 124.89, 81.44, -61.83
12600, -15.99, -109.80, 1132.20, -27442.93, -34080.50, -60150.15, 124.89, 81.44, -61.83
12630, 143.55, -90.39, 1152.47, -26794.43, -29563.90, -61004.64, 125.06, 81.40, -61.65
12660, 5.43, -70.86, 1168.88, -21667.48, -27954.10, -66604.62, -136.86, 16.72, 139.76
12690, 132.63, -12.70, 1127.62, -20057.68, -24543.76, -62637.33, -136.86, 16.72, 139.76
12720, 15.26, 29.72, 1147.16, -20561.22, -19119.26, -64964.29, -136.86, 16.72, 139.76
12750, 82.70, 64.88, 1185.18, -23559.57, -15075.68, -56350.71, -136.86, 16.72, 139.73
12780, -86.12, -19.04, 1149.60, -25184.63, 1205.44, -38108.82, 14.28, -43.91, 173.99
12810, -331.54, -112.18, 1095.40, -32264.71, -13961.79, -28869.63, 14.28, -43.91, 173.99
12840, -199.40, -160.28, 1108.03, -39993.29, -25093.08, -36575.32, 14.26, -43.92, 173.99
12870, -162.35, -227.42, 1123.96, -41885.38, -28221.13, -41419.98, -161.44, 25.76, 72.85
12900, -43.76, -260.01, 1170.35, -36369.32, -35766.60, -44029.23, -161.44, 25.76, 72.85
12930, 174.93, -230.47, 1239.99, -28404.24, -38314.82, -46783.45, -161.44, 25.76, 72.85
12960, 196.11, -188.66, 1195.50, -21789.55, -27595.52, -51399.23, -161.44, 25.76, 72.85
12990, 167.36, -147.89, 1230.41, -19615.17, -22621.15, -54588.32, -161.45, 25.76, 72.80
13020, 110.78, -117.86, 1218.38, -17715.45, -11337.28, -57815.55, 24.13, -4.57, 179.00
13050, -168.21, -95.46, 1140.01, -19294.74, -6813.05, -58959.96, 24.13, -4.57, 179.00
13080, -293.03, -103.64, 1123.35, -19798.28, -23574.83, -53207.40, 24.13, -4.57, 179.00
13110, -125.06, -65.61, 1131.23, -25497.44, -38513.18, -51963.80, 24.13, -4.53, 179.02
13140, -3.11, -77.21, 1123.17, -29914.86, -34545.90, -54168.70, -120.42, -2.19, -176.23
13170, -66.47, -129.88, 1114.99, -28854.37, -32218.93, -55007.93, -120.42, -2.19, -176.23
13200, -25.39, -88.13, 1114.50, -30014.04, -31822.21, -55694.58, -120.42, -2.19, -176.23
13230, 19.47, -109.62, 1130.25, -35011.29, -24986.27, -58441.16, -120.43, -2.18, -176.24
13260, -58.65, -134.16, 1150.15, -34133.91, -24681.09, -55130.00, 163.03, 7.46, -131.16
13290, -25.27, -156.86, 1113.71, -35034.18, -21308.90, -48225.40, 163.03, 7.46, -131.16
13320, -47.85, -195.86, 1152.04, -35560.61, -16761.78, -44479.37, 163.03, 7.46, -131.16
13350, -133.61, -226.75, 1161.68, -35423.28, -11901.86, -45410.16, 163.03, 7.46, -131.14
13380, -238.40, -233.40, 1204.47, -34568.79, -23445.13, -46638.49, -27.72, -9.77, -177.65
13410, 51.45, -209.72, 1303.10, -37757.88, -26969.91, -51696.78, -27.72, -9.77, -177.65
13440, -170.10, -280.64, 1217.22, -35636.90, -25276.18, -56205.75, -27.72, -9.77, -177.65
13470, -137.76, -300.84, 1188.60, -27610.78, -37673.95, -53100.59, -27.74, -9.73, -177.64
13500, 139.77, -218.51, 1218.99, -18943.79, -42121.89, -52474.98, -164.27, -11.09, -111.81
13530, 172.42, -160.52, 1165.22, -17051.70, -28968.81, -56739.81, -164.27, -11.09, -111.81
13560, 97.17, -114.50, 1203.61, -17425.54, -18013.00, -59600.83, -164.27, -11.09, -111.81
13590, -65.86, -125.31, 1170.41, -21492.00, -9681.70, -60310.36, -164.27, -11.09, -111.81
13620, -196.59, -134.40, 1199.46, -21377.56, -16082.76, -60195.92, -164.29, -11.09, -111.79
13650, -226.01, -120.67, 1155.64, -23025.51, -24154.66, -59547.43, 117.02, -16.83, 152.53
13680, -257.63, -152.65, 1099.43, -22865.29, -31974.79, -54000.86, 117.02, -16.83, 152.53
13710, -138.79, -154.54, 1022.77, -20645.14, -41908.27, -48973.08, 117.02, -16.83, 152.53
13740, 46.63, -114.81, 1058.47, -19195.56, -41511.54, -47302.25, 117.05, -16.84, 152.53
13770, 191.41, -73.73, 1138.37, -19828.80, -32562.26, -45303.34, 149.76, 26.10, -97.61
13800, 155.82, -95.64, 1134.58, -19599.91, -20385.74, -42984.01, 149.76, 26.10, -97.61
13830, 166.32, -63.84, 1200.93, -18890.38, -13191.22, -40275.57, 149.76, 26.10, -97.61
13860, 107.60, -74.58, 1187.13, -24932.86, -4516.60, -39756.77, 149.76, 26.09, -97.58
13890, -91.31, -168.58, 1185.91, -30281.07, 5683.90, -42152.41, 0.17, 37.44, -179.75
13920, -283.33, -260.62, 1208.25, -30189.51, 114.44, -45036.32, 0.17, 37.44, -179.75
13950, -303.41, -336.36, 1160.34, -26657.11, -20248.41, -49697.88, 0.17, 37.44, -179.75
13980, -61.22, -263.00, 1148.86, -15014.65, -33828.73, -59249.88, 0.19, 37.47, -179.72
14010, 83.50, -97.90, 1159.30, -11886.60, -20629.88, -64987.18, -133.31, 12.14, 152.66
14040, -40.83, -74.10, 1192.44, -13031.01, -7034.30, -63674.93, -133.31, 12.14, 152.66
14070, -175.84, -59.20, 1223.88, -14785.77, -1731.87, -55236.82, -133.31, 12.14, 152.66
14100, -294.74, -67.87, 1249.21, -20469.67, -8903.50, -50170.90, -133.31, 12.16, 152.65
14130, -283.69, -72.14, 1258.24, -21492.00, -25207.52, -51277.16, 93.90, -45.19, 131.55
14160, -108.28, -51.03, 1232.54, -23651.12, -38475.04, -50636.29, 93.90, -45.19, 131.55
14190, -17.27, -104.55, 1148.13, -27435.30, -39886.48, -48942.57, 93.90, -45.19, 131.55
14220, 53.89, -114.20, 1163.15, -26634.22, -34286.50, -53123.47, 93.96, -45.21, 131.49
14250, -50.42, -140.81, 1146.12, -24948.12, -26252.75, -54939.27, -148.86, -10.11, -145.39
14280, -59.69, -116.82, 1168.82, -21698.00, -28884.89, -54000.86, -148.86, -10.11, -145.39
14310, -3.30, -81.79, 1150.94, -21476.75, -27458.19, -53611.75, -148.86, -10.11, -145.39
14340, -103.94, -103.94, 1115.05, -23063.66, -21324.16, -53726.20, -148.86, -10.11, -145.39
14370, -171.26, -115.97, 1116.21, -24116.52, -23941.04, -53718.57, -148.86, -10.11, -145.38
14400, -138.67, -87.52, 1133.67, -23651.12, -30624.39, -54946.90, 99.22, -66.35, 104.32
14430, 15.01, -41.99, 1158.57, -23529.05, -37231.45, -53398.13, 99.22, -66.35, 104.32
14460, 129.03, -38.88, 1161.87, -25123.60, -30662.54, -50125.12, 99.22, -66.35, 104.32
14490, 77.76, -60.24, 1144.04, -26893.62, -19439.70, -46638.49, 99.38, -66.35, 104.15
14520, 9.46, -83.80, 1241.46, -31219.48, -6248.47, -44189.45, -138.26, -6.72, -162.74
14550, -211.00, -129.82, 1205.08, -31303.41, -4364.01, -48561.10, -138.26, -6.72, -162.74
14580, -399.35, -176.27, 1126.83, -28793.34, -21217.35, -48439.03, -138.27, -6.71, -162.74
14610, -167.60, -165.47, 1148.99, -26664.73, -35926.82, -44372.56, -121.22, -47.07, -105.25
14640, -35.89, -153.32, 1130.98, -26000.98, -26283.26, -45074.46, -121.22, -47.07, -105.25
14670, -187.01, -174.93, 1110.90, -22064.21, -25947.57, -48782.35, -121.22, -47.07, -105.25
14700, 16.85, -112.61, 1145.51, -17463.68, -30258.18, -47088.63, -121.29, -47.08, -105.20
14730, 77.70, -94.48, 1158.69, -17967.22, -18432.62, -38864.14, -171.22, 0.87, 169.42
14760, -61.95, -121.95, 1178.71, -18127.44, -11421.20, -33744.81, -171.22, 0.87, 169.42
14790, -4.94, -116.58, 1216.86, -22033.69, -10276.79, -32127.38, -171.22, 0.87, 169.42
14820, -116.21, -169.01, 1223.82, -26290.89, -6729.13, -36285.40, -171.21, 0.87, 169.42
14850, -177.19, -207.09, 1253.30, -27473.45, -10337.83, -39947.51, 175.55, 51.03, -8.13
14880, -240.36, -249.51, 1231.14, -26496.89, -22544.86, -38383.48, 175.55, 51.03, -8.13
14910, -112.49, -257.08, 1200.74, -22476.20, -38040.16, -41954.04, 175.55, 51.03, -8.13
14940, 149.90, -204.41, 1217.96, -19546.51, -41160.58, -43983.46, 175.55, 51.03, -8.13
14970, 130.86, -227.54, 1140.01, -18501.28, -23643.49, -45806.88, 175.53, 50.99, -8.14
15000, -40.16, -236.08, 1147.58, -12809.75, -14724.73, -46607.97, -150.53, 18.17, 118.41
