30, 388.49, 261.47, 1110.35, -52597.05, 23475.65, 52551.27, -55.88, 80.21, 132.34
60, 339.66, 159.36, 1071.04, -51574.71, 19447.33, 59326.17, -145.87, -21.55, -117.34
90, 342.65, 227.91, 1042.30, -54229.73, 14495.85, 58563.23, -145.87, -21.55, -117.34
120, 335.94, 237.98, 1039.86, -59211.73, 12077.33, 54595.95, -145.88, -21.57, -117.32
150, 421.94, 228.39, 1096.07, -66009.52, 11360.17, 48377.99, 121.20, 31.93, -125.63
180, 417.18, 229.68, 1138.49, -68420.41, 15411.38, 46310.43, 121.20, 31.93, -125.63
210, 414.92, 257.32, 1134.28, -72257.99, 15815.73, 43151.86, 121.20, 31.93, -125.63
240, 423.10, 279.91, 1175.96, -78559.88, 16395.57, 38261.41, 121.20, 31.93, -125.63
270, 412.35, 220.83, 1159.24, -81489.56, 18371.58, 32333.38, 121.20, 31.93, -125.63
300, 364.14, 212.59, 1074.52, -82214.36, 23582.46, 25535.58, 121.20, 31.91, -125.59
330, 146.06, 193.05, 1019.35, -88279.73, 18127.44, 18615.72, 23.72, 44.78, -169.87
360, 153.26, 155.33, 1073.30, -94688.41, 10665.89, 19630.43, 23.72, 44.78, -169.87
390, 190.06, 99.67, 1161.01, -100097.66, 396.73, 22895.81, 23.72, 44.78, -169.87
420, 299.62, 32.41, 1224.91, -102348.33, -9429.93, 25085.45, 23.72, 44.78, -169.87
450, 351.75, -7.26, 1202.45, -100349.43, -10513.31, 23818.97, 23.70, 44.80, -169.86
480, 330.51, -27.89, 1178.10, -93704.23, -8468.63, 23132.32, -77.53, -43.58, -144.76
510, 341.92, -27.22, 1175.05, -87783.81, -9033.20, 20683.29, -77.53, -43.58, -144.76
540, 314.76, -13.43, 1221.86, -86128.23, -12992.86, 19546.51, -77.53, -43.58, -144.76
570, 292.42, -22.40, 1152.65, -87295.53, -17768.86, 20797.73, -77.53, -43.58, -144.76
600, 227.72, -72.51, 1163.33, -92185.98, -29304.50, 27458.19, -77.55, -43.58, -144.74
630, 346.74, -143.31, 1134.58, -94993.59, -42282.11, 33088.68, 170.57, -6.28, 109.28
660, 465.94, -152.22, 1322.45, -93643.19, -49514.77, 32997.13, 170.57, -6.28, 109.28
690, 616.46, -183.72, 1276.98, -88890.08, -46028.14, 27763.37, 170.57, -6.28, 109.28
720, 624.08, -209.23, 1331.54, -79780.58, -39543.15, 19966.13, 170.57, -6.28, 109.28
750, 626.89, -169.31, 1309.20, -72441.10, -35820.01, 14320.37, 170.59, -6.27, 109.23
780, 579.96, -155.15, 1214.72, -69824.22, -31272.89, 10696.41, -49.25, -26.82, -167.69
810, 519.96, -159.91, 1124.02, -71273.80, -30311.58, 9246.83, -49.25, -26.82, -167.69
840, 486.82, -190.55, 1072.33, -73730.47, -32310.49, 10398.87, -49.25, -26.82, -167.69
870, 522.83, -217.83, 1030.64, -74584.96, -32333.38, 10528.56, -49.25, -26.82, -167.69
900, 530.58, -225.95, 1072.20, -73097.23, -27503.97, 8438.11, -49.25, -26.82, -167.69
930, 562.13, -202.76, 1122.07, -70846.55, -28495.79, 6958.01, -49.27, -26.83, -167.67
960, 577.58, -199.77, 1153.69, -71144.10, -28381.35, 7293.70, 165.87, -14.71, 85.22
990, 645.63, -200.26, 1167.97, -69923.40, -27648.93, 7019.04, 165.87, -14.71, 85.22
1020, 724.61, -167.24, 1287.48, -67619.32, -25627.14, 6500.24, 165.87, -14.71, 85.22
1050, 730.96, -160.52, 1211.30, -66329.95, -18539.43, 4974.37, 165.87, -14.71, 85.22
1080, 694.52, -177.55, 1237.85, -64712.52, -13153.08, 2754.21, 165.87, -14.71, 85.22
1110, 692.93, -153.93, 1195.07, -57044.98, -8750.92, -3593.44, 165.89, -14.69, 85.16
1140, 673.52, -98.69, 1186.71, -53085.33, -1770.02, -9407.04, -49.15, -22.07, -169.94
1170, 623.54, -91.55, 1148.93, -55976.87, 5775.45, -7690.43, -49.15, -22.07, -169.94
1200, 579.53, -76.90, 1154.79, -62088.01, 9346.01, -2388.00, -49.15, -22.07, -169.94
1230, 558.17, -83.13, 1122.07, -70068.36, 11276.25, 1976.01, -49.15, -22.07, -169.94
1260, 517.15, -118.90, 1117.37, -77423.09, 11222.84, 3746.03, -49.17, -22.09, -169.93
1290, 454.53, -190.19, 1061.77, -80345.16, 10093.69, 862.12, 158.12, -18.69, 97.58
1320, 424.01, -185.91, 1124.45, -77651.98, 1716.61, -3135.68, 158.12, -18.69, 97.58
1350, 504.94, -164.73, 1105.65, -74806.21, -10002.14, -7621.77, 158.12, -18.69, 97.58
1380, 601.32, -138.00, 1166.20, -72776.80, -15983.58, -12214.66, 158.12, -18.69, 97.58
1410, 624.94, -133.67, 1108.95, -72219.85, -11489.87, -15602.11, 158.12, -18.69, 97.58
1440, 557.43, -142.52, 1119.57, -73959.35, -4135.13, -14968.87, 158.15, -18.68, 97.51
1470, 505.92, -147.52, 1122.50, -75851.44, -1792.91, -9475.71, -59.14, -24.57, -166.08
1500, 526.31, -131.29, 1194.52, -74790.95, -6690.98, -9124.76, -59.14, -24.57, -166.08
1530, 605.90, -102.17, 1224.67, -73257.45, -9216.31, -12062.07, -59.14, -24.57, -166.08
1560, 608.52, -106.63, 1208.56, -73371.89, -3417.97, -16685.49, -59.14, -24.57, -166.08
1590, 516.24, -149.48, 1166.26, -74043.27, 4241.94, -20736.70, -59.15, -24.58, -166.06
1620, 491.33, -163.33, 1256.04, -69938.66, -4791.26, -21957.40, 152.40, -13.82, 126.44
1650, 648.01, -117.55, 1304.87, -65620.42, -9582.52, -16723.63, 152.40, -13.82, 126.44
1680, 623.05, -126.89, 1319.27, -66970.83, -4707.34, -9567.26, 152.40, -13.82, 126.44
1710, 649.60, -139.77, 1374.76, -66696.16, -6652.83, -3623.96, 152.40, -13.82, 126.44
1740, 661.25, -140.99, 1264.04, -63575.75, -656.13, -1937.87, 152.40, -13.82, 126.44
1770, 530.52, -138.55, 1208.01, -62858.58, 6507.87, -953.67, 152.43, -13.83, 126.40
1800, 425.60, -190.67, 1062.38, -64422.61, 11634.83, -198.36, -89.88, -19.71, -160.52
1830, 383.42, -211.79, 1073.91, -61325.07, 7064.82, 617.98, -89.88, -19.71, -160.52
1860, 413.88, -203.31, 1100.95, -60913.09, 3402.71, 3662.11, -89.88, -19.71, -160.52
1890, 444.64, -213.44, 1139.40, -62675.48, -15.26, 9071.35, -89.88, -19.71, -160.52
1920, 471.86, -237.85, 1116.58, -63209.54, 38.15, 13458.25, -89.88, -19.74, -160.50
1950, 510.93, -221.56, 1212.40, -60737.61, -3593.44, 13954.16, 126.75, 5.03, -169.87
1980, 574.95, -190.31, 1265.20, -59425.36, -5332.95, 12298.58, 126.75, 5.03, -169.87
2010, 614.99, -167.97, 1278.81, -60714.72, -8056.64, 8888.24, 126.75, 5.03, -169.87
2040, 655.88, -174.19, 1341.49, -61035.16, -11138.92, 6408.69, 126.75, 5.03, -169.87
2070, 701.35, -180.54, 1286.99, -61187.74, -9788.51, 4997.25, 126.75, 5.00, -169.83
2100, 635.38, -224.24, 1153.20, -63385.01, -2624.51, 5439.76, 85.60, 20.30, -160.99
2130, 584.96, -258.61, 1088.38, -65338.13, 1762.39, 6301.88, 85.60, 20.30, -160.99
2160, 571.72, -291.38, 1106.57, -64826.96, 1708.98, 5958.56, 85.60, 20.30, -160.99
2190, 549.87, -291.44, 1084.05, -61279.30, -846.86, 3021.24, 85.60, 20.30, -160.99
2220, 549.26, -293.52, 1054.08, -61256.41, -4806.52, 3326.42, 85.60, 20.30, -160.99
2250, 614.07, -295.10, 1162.29, -61080.93, -15533.45, 6050.11, 85.60, 20.29, -160.94
2280, 769.47, -230.29, 1270.63, -51536.56, -28266.91, -1655.58, 40.52, 11.47, -175.69
2310, 826.66, -181.27, 1237.98, -50476.07, -27893.07, -6408.69, 40.52, 11.47, -175.69
2340, 835.27, -168.46, 1235.90, -53787.23, -22605.90, -7888.79, 40.52, 11.47, -175.69
2370, 767.94, -215.15, 1104.49, -57090.76, -9826.66, -8911.13, 40.50, 11.46, -175.66
2400, 708.37, -223.51, 1141.24, -58715.82, -10025.02, -10208.13, 39.92, -49.77, 160.57
2430, 709.17, -208.31, 1160.71, -55915.83, -13694.76, -15350.34, 39.92, -49.77, 160.57
2460, 728.70, -168.64, 1189.58, -52825.93, -17250.06, -21911.62, 39.92, -49.77, 160.57
2490, 751.22, -114.14, 1184.39, -53276.06, -14167.79, -25199.89, 39.92, -49.77, 160.57
2520, 746.40, -83.80, 1194.70, -56777.95, -6935.12, -25360.11, 39.92, -49.77, 160.57
2550, 617.13, -106.02, 1054.81, -68061.83, 5058.29, -25154.11, 39.88, -49.80, 160.59
2580, 531.49, -166.08, 1020.32, -75309.75, 4371.64, -25047.30, -162.77, 33.97, 54.33
2610, 491.46, -216.00, 957.15, -78323.37, 4104.61, -23262.02, -162.77, 33.97, 54.33
2640, 458.98, -272.40, 964.84, -80146.79, 1594.54, -18493.65, -162.77, 33.97, 54.33
2670, 494.63, -297.36, 997.50, -79116.82, -1922.61, -14442.44, -162.77, 33.97, 54.33
2700, 540.95, -283.81, 1113.59, -75057.98, -6942.75, -12474.06, -162.79, 33.95, 54.29
2730, 671.75, -216.49, 1228.21, -65254.21, -15106.20, -15991.21, 94.75, 17.80, -160.48
2760, 734.19, -157.90, 1303.53, -60180.66, -18615.72, -18180.85, 94.75, 17.80, -160.48
2790, 773.07, -118.71, 1283.51, -59463.50, -17799.38, -18066.41, 94.75, 17.80, -160.48
2820, 781.62, -120.06, 1339.66, -58555.60, -18211.37, -17250.06, 94.75, 17.80, -160.48
2850, 802.98, -100.71, 1271.36, -57502.75, -20278.93, -18501.28, 94.75, 17.80, -160.48
2880, 815.19, -63.23, 1267.09, -58891.30, -18798.83, -20065.31, 94.75, 17.78, -160.44
2910, 693.42, -96.44, 1038.02, -67588.80, -8544.92, -26390.08, 64.05, 15.08, -170.43
2940, 651.86, -178.96, 1060.97, -73349.00, -8064.27, -25131.23, 64.05, 15.08, -170.43
2970, 682.43, -169.80, 1092.90, -72532.66, -2891.54, -23117.07, 64.05, 15.08, -170.43
3000, 579.35, -202.58, 1008.30, -77957.16, 4821.78, -20790.10, 64.04, 15.07, -170.40
3030, 543.33, -260.13, 1092.65, -76911.93, 450.13, -21102.91, 37.45, -24.69, 171.37
3060, 632.75, -166.26, 1199.83, -69259.64, -7316.59, -23925.78, 37.45, -24.69, 171.37
3090, 733.76, -112.55, 1236.21, -71861.27, -9849.55, -23361.21, 37.45, -24.69, 171.37
3120, 731.93, -159.18, 1270.75, -70693.97, -11207.58, -24200.44, 37.41, -24.71, 171.39
3150, 745.42, -134.22, 1265.87, -65559.39, -11680.60, -24055.48, 167.69, -22.84, 53.90
3180, 736.69, -87.65, 1211.79, -64323.43, -5867.00, -19935.61, 167.69, -22.84, 53.90
3210, 592.41, -112.00, 1092.65, -71395.88, 961.30, -15083.31, 167.69, -22.84, 53.90
3240, 531.56, -178.77, 1078.49, -76034.55, -2578.74, -14862.06, 167.70, -22.81, 53.85
3270, 578.25, -193.30, 1116.52, -76545.72, -7064.82, -15510.56, -68.38, -33.95, -156.81
3300, 571.90, -187.62, 1167.30, -76850.89, -7316.59, -18333.44, -68.38, -33.95, -156.81
3330, 535.95, -210.82, 1177.73, -73616.03, -14968.87, -25497.44, -68.38, -33.95, -156.81
3360, 723.08, -160.28, 1308.84, -64270.02, -31417.85, -30448.91, -68.40, -33.97, -156.79
3390, 863.83, -78.92, 1315.61, -63957.21, -28144.84, -24574.28, 151.65, 1.58, -173.64
3420, 739.62, -188.29, 1209.05, -75057.98, -15563.96, -16204.83, 151.65, 1.58, -173.64
3450, 680.05, -277.34, 1177.73, -76660.16, -15167.24, -16906.74, 151.65, 1.58, -173.64
3480, 585.33, -288.02, 1067.20, -78521.73, -18768.31, -18798.83, 151.65, 1.58, -173.64
3510, 589.11, -346.56, 1053.22, -79536.44, -33515.93, -21125.79, 151.66, 1.54, -173.61
3540, 830.51, -295.84, 1118.35, -72204.59, -41557.31, -26458.74, 119.91, 17.83, -149.31
3570, 846.07, -226.32, 1109.38, -72624.20, -28030.39, -29396.06, 119.91, 17.83, -149.31
3600, 809.94, -237.00, 1134.22, -71067.81, -22514.34, -36628.72, 119.91, 17.83, -149.31
3630, 836.98, -146.48, 1209.47, -63194.27, -18196.11, -42839.05, 119.92, 17.79, -149.27
3660, 825.50, -54.93, 1223.39, -67199.70, -7766.72, -40458.68, 93.05, 32.96, -145.02
3690, 731.32, -88.99, 1219.48, -80680.84, 183.11, -33576.96, 93.05, 32.96, -145.02
3720, 645.32, -154.60, 1213.38, -84075.93, -2273.56, -34194.95, 93.05, 32.96, -145.02
3750, 660.03, -156.86, 1216.92, -81008.91, -11901.86, -39230.35, 93.05, 32.94, -144.97
3780, 651.49, -142.33, 1173.10, -77354.43, -12443.54, -39016.72, 39.45, 28.29, -169.51
3810, 583.44, -118.47, 1149.05, -76667.79, -15411.38, -31814.57, 39.45, 28.29, -169.51
3840, 638.61, -87.16, 1193.48, -78208.92, -24871.83, -29212.95, 39.45, 28.29, -169.51
3870, 745.12, -78.25, 1227.17, -80673.22, -23925.78, -32218.93, 39.43, 28.29, -169.49
3900, 642.40, -110.53, 1106.87, -89248.66, -14038.09, -32135.01, 16.17, -36.97, 174.36
3930, 538.88, -213.38, 1039.73, -96588.13, -15693.66, -32699.59, 16.17, -36.97, 174.36
3960, 619.32, -313.84, 1132.45, -92323.30, -20736.70, -33164.98, 16.17, -36.97, 174.36
3990, 638.24, -217.10, 1160.34, -86021.42, -16464.23, -31265.26, 16.14, -36.98, 174.39
4020, 680.18, -268.92, 1264.04, -84129.34, -14770.51, -26458.74, 167.01, -26.27, 49.93
4050, 707.40, -203.25, 1251.95, -78918.45, -885.01, -22743.22, 167.01, -26.27, 49.93
4080, 594.91, -205.32, 1218.69, -79666.14, 3837.59, -20751.95, 167.01, -26.27, 49.93
4110, 533.87, -188.05, 1122.19, -76393.13, -5798.34, -24116.52, 167.03, -26.25, 49.88
4140, 526.55, -229.61, 1065.67, -76171.88, -16662.60, -26107.79, -78.61, -22.21, -161.92
4170, 638.31, -225.34, 1205.57, -69862.37, -35217.29, -22789.00, -78.61, -22.21, -161.92
4200, 909.42, -118.04, 1216.43, -61347.96, -42274.48, -17776.49, -78.61, -22.21, -161.92
4230, 838.62, -169.07, 1112.67, -68595.88, -27282.71, -12321.47, -78.61, -22.24, -161.91
4260, 744.26, -263.73, 1079.71, -64529.42, -20759.58, -18577.58, 134.42, 4.49, -169.21
4290, 674.01, -209.96, 1062.74, -56533.81, -19485.47, -27603.15, 134.42, 4.49, -169.21
4320, 757.93, -76.97, 1193.73, -52505.49, -22338.87, -32386.78, 134.42, 4.49, -169.21
4350, 732.97, 52.86, 1229.55, -62385.56, -12847.90, -30448.91, 134.43, 4.45, -169.18
4380, 592.65, 0.85, 1175.42, -81192.02, -9811.40, -24963.38, 106.95, 20.19, -152.69
4410, 628.30, -100.22, 1235.23, -89370.73, -23544.31, -19889.83, 106.95, 20.19, -152.69
4440, 792.48, -130.13, 1254.82, -88600.16, -22590.64, -14381.41, 106.95, 20.19, -152.69
4470, 640.20, -196.66, 1155.33, -88058.47, -10307.31, -13648.99, 106.95, 20.19, -152.69
4500, 498.29, -192.57, 1074.58, -80505.38, -19615.17, -20881.65, 106.96, 20.17, -152.65
4530, 486.15, -126.04, 1022.83, -74623.11, -33058.17, -28282.17, 67.45, 45.71, -148.25
4560, 668.76, -61.65, 1013.85, -72738.65, -37803.65, -29701.23, 67.45, 45.71, -148.25
4590, 621.40, -77.45, 1036.13, -77613.83, -27069.09, -23567.20, 67.45, 45.71, -148.25
4620, 660.95, -129.64, 1102.17, -74958.80, -33943.18, -17227.17, 67.48, 45.70, -148.20
4650, 992.86, -58.59, 1317.44, -63133.24, -44319.15, -13450.62, -9.64, 58.19, 174.95
4680, 1099.06, 51.15, 1360.84, -61454.77, -29258.73, -8819.58, -9.64, 58.19, 174.95
4710, 916.81, -4.76, 1234.25, -67893.98, -16441.35, -9399.41, -9.64, 58.19, 174.95
4740, 764.47, -18.31, 1106.87, -68946.84, -16716.00, -19393.92, -9.64, 58.21, 174.96
4770, 661.50, -30.94, 983.34, -77659.61, -16456.60, -25306.70, -121.92, 4.13, 172.64
4800, 518.01, -135.13, 857.48, -89370.73, -16555.79, -22644.04, -121.92, 4.13, 172.64
4830, 555.30, -199.16, 901.49, -94070.44, -27008.06, -16387.94, -121.92, 4.13, 172.64
4860, 701.42, -186.22, 1011.23, -93582.16, -31501.77, -11810.30, -121.91, 4.11, 172.63
4890, 855.71, -174.99, 1139.89, -92475.89, -34019.47, -10787.96, -164.22, -1.60, -168.86
4920, 1012.94, -109.19, 1236.39, -91514.59, -21652.22, -11604.31, -164.22, -1.60, -168.86
4950, 873.60, -153.87, 1188.72, -102981.57, 7.63, -10986.33, -164.22, -1.60, -168.86
4980, 675.66, -275.57, 1176.94, -106315.61, -709.53, -18867.49, -164.22, -1.62, -168.85
5010, 837.59, -270.94, 1311.65, -91537.48, -23727.42, -27877.81, 131.27, 15.14, -146.89
5040, 991.39, -121.40, 1308.35, -85899.35, -20858.77, -25642.39, 131.27, 15.14, -146.89
5070, 836.98, -203.37, 1092.96, -98915.10, 1739.50, -15777.59, 131.27, 15.14, -146.89
5100, 609.07, -386.78, 1003.97, -99632.27, 12901.31, -17395.02, 131.27, 15.14, -146.89
5130, 426.57, -449.71, 861.76, -83503.73, 6347.66, -27000.43, 131.28, 15.13, -146.86
5160, 462.83, -408.75, 920.65, -64682.01, -17150.88, -28816.22, 33.00, 60.10, -160.20
5190, 649.29, -315.73, 1045.84, -52650.45, -32463.07, -26855.47, 33.00, 60.10, -160.20
5220, 944.03, -153.81, 1177.80, -43724.06, -38269.04, -22018.43, 33.00, 60.10, -160.20
5250, 1121.64, -43.21, 1340.39, -47576.91, -25398.25, -18722.54, 33.04, 60.11, -160.15
5280, 986.33, -3.11, 1248.90, -61149.60, -106.81, -19805.91, -102.04, 40.88, 130.98
5310, 829.53, -49.99, 1225.40, -71327.21, -686.65, -22949.22, -102.04, 40.88, 130.98
5340, 786.99, -75.62, 1128.23, -82778.93, -4837.04, -25917.05, -102.04, 40.88, 130.98
5370, 696.17, -168.40, 1033.20, -97846.98, 6248.47, -24551.39, -102.05, 40.88, 130.95
5400, 534.67, -311.52, 985.17, -102272.03, 2761.84, -26832.58, 58.01, 5.95, -176.65
5430, 565.49, -353.94, 1022.34, -91583.25, -10849.00, -31906.13, 58.01, 5.95, -176.65
5460, 644.65, -271.12, 1068.48, -85586.55, -14984.13, -33439.64, 58.01, 5.95, -176.65
5490, 730.29, -224.43, 1152.71, -80139.16, -17921.45, -33180.24, 58.01, 5.95, -176.65
5520, 797.18, -160.89, 1195.74, -77781.68, -13305.66, -32127.38, 58.02, 5.95, -176.63
5550, 753.60, -123.60, 1220.70, -78712.46, -6988.53, -35736.09, -16.32, 29.74, 175.79
5580, 682.86, -113.28, 1179.14, -82374.57, -7080.08, -39909.36, -16.32, 29.74, 175.79
5610, 653.93, -134.46, 1173.46, -85868.84, -8918.76, -40138.25, -16.32, 29.74, 175.79
5640, 628.66, -186.95, 1178.34, -86334.23, -14129.64, -38330.08, -16.32, 29.76, 175.80
5670, 660.46, -207.40, 1178.22, -78735.35, -21339.42, -35194.40, -113.28, 9.44, 165.84
5700, 782.41, -155.64, 1187.19, -65055.85, -25711.06, -30319.21, -113.28, 9.44, 165.84
5730, 788.09, 8.73, 1139.22, -64117.43, -7980.35, -19836.43, -113.28, 9.42, 165.83
5760, 655.88, -60.97, 1135.13, -77468.88, 2403.26, -15655.52, -92.02, 23.26, 156.18
5790, 540.28, -109.92, 1110.35, -83297.73, 3295.90, -15457.15, -92.02, 23.26, 156.18
5820, 406.86, -178.04, 999.15, -94192.51, 1693.73, -10932.92, -92.02, 23.26, 156.18
5850, 372.80, -315.43, 1062.07, -95832.83, -22193.91, -7759.09, -92.03, 23.27, 156.17
5880, 797.24, -289.98, 1207.70, -73204.04, -50407.41, -14343.26, 88.94, 56.63, -123.75
5910, 1043.70, -25.02, 1226.56, -62461.85, -33973.70, -15678.41, 88.94, 56.63, -123.75
5940, 858.22, -31.86, 1129.76, -82168.58, -5706.79, -8926.39, 88.94, 56.63, -123.75
5970, 648.56, -199.58, 1110.78, -87638.85, -3387.45, -10643.01, 88.98, 56.62, -123.69
6000, 631.53, -215.70, 1146.00, -81871.03, -18074.04, -15174.87, -120.76, 54.03, 96.89
6030, 708.80, -172.79, 1120.42, -78247.07, -25680.54, -17501.83, -120.76, 54.03, 96.89
6060, 748.78, -184.51, 1177.43, -78102.11, -24429.32, -15449.52, -120.76, 54.03, 96.89
6090, 769.71, -180.66, 1186.71, -77537.54, -23696.90, -12985.23, -120.81, 54.03, 96.83
6120, 785.34, -199.40, 1212.22, -76515.20, -25009.16, -13809.20, 114.92, 11.52, -161.82
6150, 823.06, -199.58, 1227.17, -71342.47, -24131.78, -17593.38, 114.92, 11.52, -161.82
6180, 799.62, -198.24, 1190.92, -68176.27, -16288.76, -20393.37, 114.92, 11.52, -161.82
6210, 746.77, -208.98, 1194.27, -64483.64, -8827.21, -21194.46, 114.94, 11.51, -161.79
6240, 654.97, -197.69, 1139.59, -63697.82, -7057.19, -16616.82, 14.47, 54.07, -172.29
6270, 623.96, -218.08, 1107.73, -63369.75, -10063.17, -12840.27, 14.47, 54.07, -172.29
6300, 637.15, -184.27, 1103.33, -57319.64, -16662.60, -13435.36, 14.47, 54.07, -172.29
6330, 669.07, -116.21, 1063.96, -55000.30, -20477.29, -12825.01, 14.47, 54.07, -172.29
6360, 694.34, -92.35, 1014.59, -60287.48, -18455.51, -7614.14, 14.50, 54.08, -172.25
6390, 735.11, -99.30, 1070.80, -62530.52, -18180.85, -4928.59, -98.08, 28.33, 147.88
6420, 769.35, -60.24, 1094.24, -60729.98, -17150.88, -7553.10, -98.08, 28.33, 147.88
6450, 792.91, -57.92, 1121.46, -62667.85, -17250.06, -6866.46, -98.08, 28.33, 147.88
6480, 842.53, -51.76, 1204.35, -59509.28, -21545.41, -7354.74, -98.10, 28.32, 147.86
6510, 857.18, -36.38, 1162.60, -60523.99, -23605.35, -3295.90, 41.45, 69.59, -150.10
6540, 823.85, -89.48, 1060.42, -65002.44, -23719.79, 2403.26, 41.45, 69.59, -150.10
6570, 811.58, -128.36, 1027.04, -68016.05, -23437.50, 5813.60, 41.45, 69.59, -150.10
6600, 805.48, -150.02, 965.64, -73043.82, -16746.52, 6057.74, 41.52, 69.60, -150.01
6630, 740.11, -183.17, 928.71, -80436.70, -6881.71, 3913.88, -115.81, 39.82, 120.54
6660, 685.85, -235.90, 1022.28, -82786.56, -9475.71, -1289.37, -115.81, 39.82, 120.54
6690, 774.60, -235.84, 1142.88, -72189.33, -25383.00, -8316.04, -115.81, 39.82, 120.54
6720, 884.58, -124.45, 1197.81, -65505.98, -32249.45, -11314.39, -115.83, 39.81, 120.50
6750, 965.27, -92.65, 1257.20, -66940.30, -29533.39, -8758.54, 60.76, 45.49, -152.07
6780, 937.68, -129.15, 1257.87, -64598.08, -29899.60, -9788.51, 60.76, 45.49, -152.07
6810, 932.62, -126.59, 1220.09, -56541.44, -36804.20, -10620.12, 60.76, 45.49, -152.07
6840, 985.66, -96.68, 1209.90, -54405.21, -40023.80, -7415.77, 60.76, 45.49, -152.07
6870, 1033.02, -54.57, 1085.08, -56282.04, -24658.20, -7751.46, 60.79, 45.48, -152.03
6900, 843.14, -68.97, 934.14, -70625.30, 3120.42, -8094.79, -65.21, 80.98, 123.25
6930, 547.18, -175.60, 877.14, -81924.44, 12710.57, -7781.98, -65.21, 80.98, 123.25
6960, 492.25, -203.74, 906.37, -82260.13, -4730.22, -7492.07, -65.21, 80.98, 123.25
6990, 581.60, -178.34, 941.77, -84014.89, -23071.29, -5332.95, -65.38, 81.01, 123.09
7020, 811.22, -159.79, 1161.44, -80741.88, -37902.83, -7324.22, -152.58, 5.55, 157.99
7050, 986.76, -69.34, 1252.32, -70495.61, -43548.59, -11535.64, -152.58, 5.55, 157.99
7080, 1048.77, 0.79, 1236.15, -68145.75, -40939.33, -8743.29, -152.58, 5.55, 157.99
7110, 1057.13, 10.50, 1188.29, -70961.00, -28160.10, -5889.89, -152.56, 5.52, 157.98
7140, 924.62, -19.23, 1041.75, -74905.40, -9979.25, -4043.58, -150.76, -4.80, -162.09
7170, 725.34, -46.63, 925.48, -81298.83, 3135.68, 961.30, -150.76, -4.80, -162.09
7200, 684.88, -80.44, 944.64, -85845.95, 2288.82, 4898.07, -150.76, -4.80, -162.09
7230, 690.12, -97.29, 977.05, -85426.33, -2769.47, 6347.66, -150.76, -4.82, -162.08
7260, 762.45, -89.90, 1037.84, -85205.08, -7637.02, 10116.58, 144.74, 10.19, -148.14
7290, 819.70, -86.43, 1090.33, -85754.39, -8316.04, 12969.97, 144.74, 10.19, -148.14
7320, 845.58, -96.07, 1108.95, -87768.55, -5615.23, 13999.94, 144.74, 10.19, -148.14
7350, 887.70, -129.46, 1167.36, -90095.52, -2830.51, 15647.89, 144.75, 10.17, -148.12
7380, 885.50, -150.27, 1242.86, -88714.60, 1991.27, 15075.68, 67.59, 50.70, -144.46
7410, 853.64, -162.48, 1257.45, -84594.73, 1335.14, 12008.67, 67.59, 50.70, -144.46
7440, 853.52, -151.37, 1266.36, -79010.01, -5241.39, 8407.59, 67.59, 50.70, -144.46
7470, 872.44, -125.00, 1243.71, -74752.80, -11375.43, 4058.84, 67.59, 50.70, -144.46
7500, 798.34, -142.40, 1049.19, -75988.77, -30.52, -328.06, 67.63, 50.70, -144.40
7530, 693.73, -186.58, 992.49, -78430.17, 10993.96, -1228.33, -88.92, 70.32, 111.23
7560, 563.90, -257.45, 943.91, -75164.80, 12275.70, -1464.84, -88.92, 70.32, 111.23
7590, 527.22, -273.86, 952.51, -64437.87, 442.50, -1213.07, -89.01, 70.34, 111.15
7620, 640.99, -161.07, 1055.73, -58097.84, -10894.78, 1899.72, -174.09, -0.08, -178.68
7650, 694.03, -117.19, 1090.76, -66925.05, -10192.87, 9620.67, -174.09, -0.08, -178.68
7680, 793.15, -131.04, 1238.95, -74043.27, -18722.54, 15731.81, -174.09, -0.08, -178.68
7710, 924.99, -114.93, 1311.71, -74401.86, -24505.62, 12069.70, -174.07, -0.11, -178.66
7740, 931.21, -116.82, 1278.08, -72601.32, -22529.60, 1998.90, 141.30, 18.62, -129.24
7770, 840.82, -122.50, 1204.16, -71960.45, -21156.31, -3868.10, 141.30, 18.62, -129.24
7800, 881.04, -106.20, 1172.97, -69389.34, -29678.34, -5065.92, 141.30, 18.62, -129.24
7830, 843.63, -101.50, 1088.68, -68626.41, -27297.97, -961.30, 141.30, 18.62, -129.24
7860, 795.59, -120.67, 975.22, -68786.63, -15319.82, 4371.64, 141.31, 18.60, -129.22
7890, 708.92, -140.81, 938.17, -68084.72, -7133.48, 11245.73, 99.87, 71.81, -97.99
7920, 645.57, -151.61, 950.50, -66291.81, -5950.93, 21492.00, 99.87, 71.81, -97.99
7950, 670.65, -169.37, 946.47, -62477.11, -11604.31, 33874.51, 99.87, 71.81, -97.99
7980, 743.84, -152.77, 999.33, -55168.15, -15861.51, 41252.14, 99.95, 71.79, -97.88
8010, 824.16, -93.51, 1070.13, -49064.64, -16326.90, 46096.80, -103.56, 40.92, 129.75
8040, 882.63, -46.51, 1098.27, -47859.19, -14465.33, 47805.79, -103.56, 40.92, 129.75
8070, 894.35, -34.18, 1098.82, -49049.38, -14076.23, 47454.84, -103.56, 40.92, 129.75
8100, 932.62, -14.04, 1115.23, -48019.41, -15609.74, 44715.88, -103.59, 40.92, 129.71
8130, 990.17, 26.25, 1109.31, -46546.94, -12054.44, 40618.90, 103.04, 64.07, -102.99
8160, 962.59, 46.69, 1033.57, -50155.64, -2555.85, 39421.08, 103.04, 64.07, -102.99
8190, 910.46, 36.56, 945.80, -54496.77, 6179.81, 37376.40, 103.04, 64.07, -102.99
8220, 822.51, 6.16, 835.82, -57975.77, 17311.10, 33088.68, 103.08, 64.05, -102.93
8250, 776.31, 8.00, 820.19, -63201.91, 24681.09, 31829.83, -104.99, 60.60, 105.99
8280, 761.54, 15.81, 832.40, -69992.06, 30044.55, 31440.73, -104.99, 60.60, 105.99
8310, 765.14, 24.78, 894.65, -78475.95, 29830.93, 33081.05, -104.99, 60.60, 105.99
8340, 807.07, 12.70, 1007.81, -81871.03, 24620.06, 34072.88, -105.05, 60.60, 105.93
8370, 851.62, 25.21, 1091.43, -79704.28, 18218.99, 32661.44, 143.40, 16.38, -132.23
8400, 909.55, 36.25, 1121.03, -76316.84, 13191.22, 29785.16, 143.40, 16.38, -132.23
8430, 877.50, 53.10, 1122.44, -74958.80, 14732.36, 26519.78, 143.40, 16.38, -132.23
8460, 812.87, 30.88, 1013.73, -78514.10, 19172.67, 27328.49, 143.40, 16.38, -132.23
8490, 747.50, 11.47, 995.00, -84068.30, 16479.49, 31906.13, 143.40, 16.36, -132.21
8520, 767.82, -30.09, 1023.80, -86463.93, 10581.97, 33470.15, 89.40, 63.27, -116.76
8550, 819.21, -36.87, 997.68, -82748.41, 12649.54, 25642.39, 89.40, 63.27, -116.76
8580, 728.33, -31.49, 991.70, -79536.44, 24772.64, 18074.04, 89.45, 63.26, -116.69
8610, 639.22, -47.97, 982.24, -79986.57, 30120.85, 19767.76, -107.49, 53.63, 111.41
8640, 578.19, -71.04, 1038.51, -79940.80, 21606.45, 28678.89, -107.49, 53.63, 111.41
8670, 652.04, -96.19, 1111.88, -75393.68, 9635.93, 34454.34, -107.49, 53.63, 111.41
8700, 749.39, -91.67, 1161.07, -67138.67, 4280.09, 33889.77, -107.49, 53.63, 111.41
8730, 762.82, -83.13, 1134.40, -62080.38, 2700.81, 32325.74, -107.54, 53.62, 111.36
8760, 742.31, -92.35, 1072.81, -61454.77, 53.41, 32752.99, 129.16, 20.88, -137.10
8790, 753.72, -107.30, 1039.98, -58799.74, 1441.96, 33241.27, 129.16, 20.88, -137.10
8820, 724.98, -87.95, 1007.14, -57441.71, 10551.45, 35835.27, 129.16, 20.88, -137.10
8850, 650.02, -105.65, 1020.45, -60134.89, 17387.39, 42610.17, 129.16, 20.87, -137.08
8880, 661.44, -130.13, 1074.71, -60440.06, 13870.24, 46554.57, 11.95, 54.37, -173.55
8910, 721.44, -108.52, 1135.31, -55557.25, 7339.48, 43312.07, 11.95, 54.37, -173.55
8940, 747.86, -60.00, 1146.18, -54634.09, 6019.59, 42297.36, 11.95, 54.37, -173.55
8970, 772.09, -56.15, 1152.89, -57899.48, 4371.64, 44342.04, 11.97, 54.39, -173.52
9000, 752.99, -62.32, 1174.74, -56762.70, 2944.95, 41557.31, -98.46, 17.89, 159.51
9030, 791.69, -13.98, 1136.05, -59196.47, -1022.34, 37429.81, -98.46, 17.89, 159.51
9060, 822.20, -91.74, 1099.85, -57884.21, -7301.33, 34896.85, -98.46, 17.89, 159.51
9090, 833.13, -16.17, 1078.37, -53451.54, -1968.38, 37170.41, -98.47, 17.87, 159.50
9120, 815.43, -31.68, 1031.74, -54008.48, 5928.04, 36399.84, -126.21, 61.41, 81.72
9150, 778.56, -30.82, 1057.01, -51033.02, 13565.06, 36445.62, -126.21, 61.41, 81.72
9180, 739.50, -13.85, 1022.28, -50628.66, 21842.96, 39291.38, -126.21, 61.41, 81.72
9210, 634.46, -10.93, 956.85, -51910.40, 29243.47, 44158.94, -126.28, 61.40, 81.65
9240, 641.97, -7.20, 1051.76, -63339.23, 11291.50, 62210.08, 151.63, 8.72, -145.74
9270, 803.65, -27.28, 1144.71, -66215.52, -5401.61, 64399.72, 151.63, 8.72, -145.74
9300, 974.55, -29.79, 1235.05, -61660.77, -3990.17, 53817.75, 151.63, 8.72, -145.74
9330, 909.36, -34.61, 1175.90, -55732.73, 14945.98, 40504.46, 151.63, 8.70, -145.72
9360, 764.28, -28.81, 1093.63, -53161.62, 24925.23, 36521.91, 67.36, 45.65, -148.34
9390, 658.14, -44.25, 1054.99, -52078.25, 21194.46, 41023.25, 67.36, 45.65, -148.34
9420, 699.10, -64.03, 1059.33, -48416.14, 15388.49, 47325.13, 67.36, 45.65, -148.34
9450, 733.15, -52.43, 1054.26, -41931.15, 16403.20, 53184.51, 67.39, 45.65, -148.31
9480, 701.42, -58.29, 1044.68, -37696.84, 14282.23, 61241.15, -60.72, 57.38, 144.83
9510, 745.67, -34.79, 1043.76, -31265.26, 9925.84, 67588.80, -60.72, 57.38, 144.83
9540, 800.48, -35.10, 978.09, -24414.06, 19958.50, 70030.21, -60.72, 57.38, 144.83
9570, 739.32, 7.20, 958.50, -14038.09, 34523.01, 71342.47, -60.76, 57.40, 144.79
9600, 717.29, 91.80, 965.15, -10719.30, 46501.16, 74607.85, -174.97, -3.06, -122.90
9630, 713.44, 153.38, 1052.61, -15830.99, 57220.46, 81054.69, -174.97, -3.06, -122.90
9660, 657.10, 194.15, 1142.76, -24841.31, 52337.65, 88706.97, -174.97, -3.06, -122.90
9690, 693.79, 200.20, 1203.19, -35339.36, 31234.74, 90950.02, -174.97, -3.06, -122.90
9720, 806.46, 136.72, 1221.92, -39039.61, 21850.59, 83038.33, -174.98, -3.08, -122.89
9750, 769.53, 163.57, 1123.78, -38414.00, 19462.59, 68916.32, 138.01, 18.21, -134.06
9780, 732.91, 155.82, 1037.05, -45082.09, 19866.94, 59577.94, 138.01, 18.21, -134.06
9810, 626.16, 139.22, 989.07, -52246.09, 30250.55, 54649.35, 138.01, 18.21, -134.06
9840, 447.45, 106.93, 946.84, -60165.41, 35484.31, 53939.82, 138.01, 18.21, -134.04
9870, 427.92, 87.77, 999.82, -71342.47, 21942.14, 57662.96, -5.91, 32.53, 178.43
9900, 554.69, 20.45, 1094.60, -78582.77, 8659.36, 56655.88, -5.91, 32.53, 178.43
9930, 688.66, -13.00, 1191.35, -76622.01, 4180.91, 47660.83, -5.91, 32.53, 178.43
9960, 742.55, -0.24, 1260.68, -76553.34, 7644.65, 43579.10, -5.91, 32.55, 178.44
9990, 681.21, -55.42, 1202.88, -73509.22, 13931.27, 40863.04, -114.29, -4.43, -173.23
10020, 566.04, -50.96, 1111.33, -64651.49, 23269.65, 32699.59, -114.29, -4.43, -173.23
10050, 421.69, -16.30, 1060.97, -57312.01, 22583.01, 25291.44, -114.29, -4.43, -173.23
10080, 360.17, 14.16, 1047.30, -57991.03, 10131.84, 27961.73, -114.30, -4.44, -173.24
10110, 423.83, 36.01, 1064.09, -62347.41, -3112.79, 35812.38, -129.78, 44.08, 99.11
10140, 525.15, 26.25, 1096.01, -66001.89, -10345.46, 43930.05, -129.78, 44.08, 99.11
10170, 616.94, 21.73, 1124.15, -67886.35, -13046.26, 52185.06, -129.78, 44.08, 99.11
10200, 659.61, 6.84, 1148.68, -68923.95, -12634.28, 56831.36, -129.78, 44.08, 99.11
10230, 759.70, -2.50, 1201.84, -66879.27, -10581.97, 58441.16, -129.81, 44.07, 99.07
10260, 757.26, -0.61, 1216.06, -64094.54, -694.27, 57533.27, 85.03, 43.10, -139.81
10290, 661.87, -8.54, 1202.03, -65132.14, 3387.45, 61134.34, 85.03, 43.10, -139.81
10320, 626.53, -53.53, 1108.46, -65681.46, -190.73, 64163.21, 85.03, 43.10, -139.81
10350, 629.88, -69.58, 1092.22, -60096.74, -5126.95, 64437.87, 85.05, 43.10, -139.79
10380, 663.27, -46.20, 1061.65, -55336.00, -5332.95, 65444.95, -76.61, 46.00, 143.28
10410, 659.12, -28.50, 1051.45, -52696.23, -1281.74, 65505.98, -76.61, 46.00, 143.28
10440, 701.48, -9.52, 1088.32, -52803.04, 808.72, 67031.86, -76.61, 46.00, 143.28
10470, 709.41, -12.45, 1139.16, -54176.33, 5340.58, 67970.27, -76.63, 46.00, 143.25
10500, 664.86, -18.25, 1097.60, -53909.30, 6980.90, 66314.70, 125.97, 25.31, -131.92
10530, 688.90, 4.88, 1091.86, -56831.36, 4066.47, 65605.16, 125.97, 25.31, -131.92
10560, 731.87, -32.96, 1121.22, -60668.95, 6942.75, 65193.18, 125.97, 25.31, -131.92
10590, 686.04, -62.93, 1114.81, -61706.54, 12016.30, 65147.40, 125.98, 25.30, -131.90
10620, 665.28, -75.13, 1113.04, -64460.75, 8453.37, 67138.67, 20.01, 56.97, -168.76
10650, 735.84, -110.84, 1162.23, -63041.69, 4768.37, 63568.12, 20.01, 56.97, -168.76
10680, 714.97, -111.33, 1167.91, -55953.98, 6980.90, 56770.32, 20.01, 56.97, -168.76
10710, 617.98, -92.29, 1099.37, -50163.27, 7453.92, 54229.73, 20.02, 56.98, -168.74
10740, 612.98, -46.02, 1104.86, -48622.13, -991.82, 58456.42, -146.59, 4.27, 166.06
10770, 739.50, -18.68, 1130.62, -50888.06, -6622.31, 63346.86, -146.59, 4.27, 166.06
10800, 804.08, -28.44, 1154.97, -49995.42, -4241.94, 63713.07, -146.59, 4.27, 166.06
10830, 829.22, -6.96, 1145.20, -47454.84, 831.60, 63690.19, -146.59, 4.27, 166.06
10860, 736.94, -9.83, 1035.10, -42800.90, 7484.44, 61248.78, -146.59, 4.25, 166.05
10890, 665.89, 43.46, 1013.43, -42594.91, 6675.72, 60485.84, -121.49, 24.39, 138.28
10920, 674.38, 31.98, 1057.37, -48416.14, 3730.77, 64529.42, -121.49, 24.39, 138.28
10950, 744.02, 2.50, 1112.24, -47134.40, 5889.89, 66093.45, -121.49, 24.39, 138.28
10980, 805.54, 34.06, 1197.57, -46272.28, 10902.40, 66040.04, -121.50, 24.37, 138.25
11010, 740.30, 11.90, 1197.51, -49461.36, 17837.52, 64682.01, -58.88, 58.08, 145.60
11040, 606.87, 0.55, 1138.00, -49537.66, 16365.05, 63308.71, -58.88, 58.08, 145.60
11070, 556.95, -19.59, 1038.88, -53627.02, 11756.90, 65322.88, -58.92, 58.09, 145.55
11100, 572.27, -45.78, 1069.03, -55267.34, 2647.40, 66314.70, 120.21, 19.79, -145.86
11130, 671.14, -61.95, 1082.82, -53596.50, -1739.50, 66154.48, 120.21, 19.79, -145.86
11160, 768.86, -11.35, 1136.66, -53108.21, -1441.96, 67329.41, 120.21, 19.79, -145.86
11190, 868.65, 14.83, 1224.43, -56549.07, 3585.82, 67123.41, 120.21, 19.79, -145.86
11220, 843.38, -44.43, 1266.72, -56159.97, 19760.13, 62774.66, 120.21, 19.77, -145.84
11250, 610.05, -97.05, 1162.05, -51628.11, 43861.39, 55877.69, 76.18, 28.83, -157.00
11280, 386.78, -120.79, 1109.07, -48088.07, 48576.36, 53100.59, 76.18, 28.83, -157.00
11310, 266.85, -111.27, 1124.76, -44487.00, 24284.36, 56900.02, 76.18, 28.83, -157.00
11340, 457.46, -45.65, 1111.21, -47355.65, -1083.37, 65658.57, 76.18, 28.83, -156.99
11370, 586.12, -41.87, 1155.76, -54443.36, -15045.17, 71823.12, -9.93, 23.70, 178.01
11400, 788.02, -70.13, 1290.28, -60714.72, -24055.48, 76515.20, -9.93, 23.70, 178.01
11430, 938.35, -161.93, 1311.46, -61180.11, -1129.15, 71205.14, -9.93, 23.70, 178.01
11460, 626.59, -180.18, 1138.37, -43449.40, 18272.40, 55969.24, -9.93, 23.70, 178.01
11490, 501.77, -77.27, 1076.97, -34820.55, 11039.73, 55870.05, -141.36, 52.79, 71.43
11520, 567.20, 8.42, 1140.08, -38803.10, 2807.62, 63095.09, -141.36, 52.79, 71.43
11550, 616.64, -25.88, 1147.64, -42373.66, -4035.95, 68183.90, -141.36, 52.79, 71.43
11580, 716.25, -18.49, 1179.50, -41305.54, -9063.72, 70144.66, -141.38, 52.77, 71.38
11610, 800.96, 14.34, 1200.01, -40016.18, -3883.36, 69694.52, 62.13, 46.99, -150.32
11640, 672.91, 3.85, 1112.92, -40557.86, 6866.46, 68786.63, 62.13, 46.99, -150.32
11670, 574.52, -5.37, 1009.70, -40954.59, 6278.99, 71304.32, 62.13, 46.99, -150.32
11700, 596.44, 3.42, 1010.68, -44731.14, 3395.08, 77331.55, 62.13, 47.00, -150.30
11730, 621.46, -7.87, 1072.75, -47866.82, 411.99, 82534.79, -44.28, 9.04, 176.36
11760, 678.22, -27.59, 1120.85, -48439.03, -1716.61, 83038.33, -44.28, 9.04, 176.36
11790, 719.54, -16.78, 1170.53, -45707.70, -480.65, 82374.57, -44.28, 9.04, 176.36
11820, 731.38, 13.79, 1179.81, -43083.19, -404.36, 81756.59, -44.28, 9.04, 176.36
11850, 765.26, 10.74, 1182.98, -46478.27, -76.29, 83297.73, -44.29, 9.02, 176.35
11880, 702.64, -42.48, 1205.26, -45669.55, 4913.33, 83267.21, -142.11, 14.48, 140.02
11910, 699.58, -28.20, 1159.91, -39535.52, 2784.73, 78735.35, -142.11, 14.48, 140.02
11940, 660.28, -10.19, 1099.24, -36666.87, 2830.51, 77232.36, -142.11, 14.48, 140.02
11970, 654.54, 21.36, 1060.18, -37200.93, 4371.64, 80451.97, -142.10, 14.44, 140.00
12000, 703.19, 31.74, 1092.90, -40138.25, 9078.98, 83259.59, -125.76, 19.74, 142.91
12030, 607.97, 13.49, 1082.21, -41099.55, 14572.14, 82176.21, -125.76, 19.74, 142.91
12060, 625.92, 34.06, 1127.20, -42854.31, 6118.77, 82717.90, -125.76, 19.74, 142.91
12090, 739.50, 36.25, 1208.25, -46234.13, -183.11, 82687.38, -125.75, 19.71, 142.89
12120, 746.77, 1.59, 1176.33, -46966.55, 4249.57, 80268.86, -104.60, 19.35, 155.38
12150, 677.00, 4.58, 1127.75, -46638.49, 8079.53, 77720.64, -104.60, 19.35, 155.38
12180, 643.62, -10.74, 1140.38, -48477.17, 5340.58, 78132.63, -104.60, 19.35, 155.38
12210, 714.23, -32.84, 1202.70, -49774.17, -2845.76, 81825.26, -104.59, 19.32, 155.36
12240, 803.22, -63.66, 1208.44, -46684.27, -45.78, 81748.96, -99.79, 3.66, 175.71
12270, 688.17, -48.71, 1128.91, -40008.55, 9941.10, 77590.95, -99.79, 3.66, 175.71
12300, 589.60, -2.08, 1067.14, -41633.61, 5165.10, 79627.99, -99.79, 3.66, 175.71
12330, 615.11, -19.29, 1038.27, -49758.91, -5004.88, 86616.52, -99.78, 3.63, 175.69
12360, 769.71, -57.25, 1086.79, -55686.95, -4234.31, 90446.47, -139.42, -2.57, -173.15
12390, 849.12, -96.68, 1173.16, -55480.96, 9231.57, 87501.52, -139.42, -2.57, -173.15
12420, 818.30, -117.68, 1205.44, -51353.45, 20141.60, 82145.69, -139.42, -2.57, -173.15
12450, 759.40, -127.32, 1210.69, -48431.40, 35202.03, 77934.27, -139.42, -2.57, -173.15
12480, 517.40, -166.20, 1166.32, -45730.59, 40390.02, 76316.84, -139.42, -2.61, -173.15
12510, 390.56, -208.86, 1168.27, -39695.74, 23796.08, 80200.20, 172.57, 1.46, -156.05
12540, 425.72, -217.47, 1156.56, -34255.98, 10620.12, 85350.04, 172.57, 1.46, -156.05
12570, 581.67, -190.25, 1195.50, -25268.55, -862.12, 91804.51, 172.57, 1.46, -156.05
12600, 669.31, -163.27, 1175.42, -16151.43, -2388.00, 95039.37, 172.56, 1.41, -156.03
12630, 737.92, -104.74, 1144.41, -9445.19, 3303.53, 97206.12, 143.82, 10.24, -148.81
12660, 673.16, -61.52, 1164.18, -6126.40, 12229.92, 99098.20, 143.82, 10.24, -148.81
12690, 695.86, -1.77, 1220.83, -5081.18, 12535.10, 102691.65, 143.82, 10.24, -148.81
12720, 667.48, 23.13, 1144.84, -6004.33, 16914.37, 102134.70, 143.81, 10.20, -148.78
12750, 538.33, 31.98, 1040.71, -6073.00, 20011.90, 97938.54, 110.19, 17.02, -155.54
12780, 623.29, 142.70, 1150.39, -18737.79, 2197.27, 102363.59, 110.19, 17.02, -155.54
12810, 726.01, 131.77, 1171.02, -34797.67, -6362.92, 107261.66, 110.19, 17.02, -155.54
12840, 867.80, 103.88, 1263.24, -48820.50, -8697.51, 101921.08, 110.18, 16.99, -155.51
12870, 814.39, -7.26, 1165.04, -54992.68, -2197.27, 88241.58, 85.29, 2.89, -177.31
12900, 673.10, -42.60, 986.82, -58708.19, -15.26, 77804.56, 85.29, 2.89, -177.31
12930, 596.62, -75.87, 898.44, -66719.05, -3372.19, 73616.03, 85.29, 2.89, -177.31
12960, 658.08, -129.70, 948.36, -71563.72, -8552.55, 69366.45, 85.27, 2.87, -177.28
12990, 748.29, -116.82, 1066.59, -67375.18, -9094.24, 61752.32, 99.69, -32.17, 141.89
13020, 773.62, -106.51, 1076.90, -63713.07, -5271.91, 57182.31, 99.69, -32.17, 141.89
13050, 777.95, -56.88, 1179.32, -58616.64, -11245.73, 59906.01, 99.69, -32.17, 141.89
13080, 953.80, -63.05, 1244.81, -60249.33, -14205.93, 67863.46, 99.68, -32.21, 141.89
13110, 931.21, -141.60, 1128.36, -47309.88, 7965.09, 61004.64, -177.89, 3.80, 70.54
13140, 696.04, -76.11, 1004.39, -26901.25, 28900.15, 46623.23, -177.89, 3.80, 70.54
13170, 583.44, 44.92, 968.14, -22033.69, 26023.87, 46310.43, -177.89, 3.80, 70.54
13200, 647.89, 88.26, 1027.65, -31585.69, 18646.24, 61187.74, -177.89, 3.81, 70.50
13230, 636.47, 27.59, 982.97, -35842.89, 19218.45, 73432.92, -23.23, -8.66, -178.26
13260, 607.85, 75.01, 1052.25, -32447.81, 19889.83, 79620.36, -23.23, -8.66, -178.26
13290, 721.80, 64.51, 1186.71, -41763.30, 14129.64, 90179.45, -23.23, -8.66, -178.26
13320, 701.11, -33.02, 1113.04, -36170.96, 19241.33, 95054.63, -23.23, -8.66, -178.26
13350, 724.18, 67.20, 1189.76, -29777.53, 18272.40, 106018.06, -23.25, -8.67, -178.25
13380, 705.93, 33.45, 1198.91, -23750.30, 24185.18, 122871.40, 167.10, -16.51, 73.24
13410, 663.64, 62.74, 1100.65, -15022.28, 25329.59, 136680.61, 167.10, -16.51, 73.24
13440, 666.75, 133.12, 1135.86, -19363.40, 13732.91, 151245.13, 167.10, -16.51, 73.24
13470, 884.52, 84.84, 1301.70, -34988.40, 3479.00, 157096.86, 167.12, -16.50, 73.20
13500, 920.72, -78.92, 1290.16, -32508.85, 12008.67, 141708.38, -50.50, -5.44, -177.46
13530, 762.45, -36.62, 1120.12, -19142.15, 25154.11, 125755.31, -50.50, -5.44, -177.46
13560, 652.65, 9.89, 1008.24, -21713.26, 29441.83, 116455.08, -50.50, -5.44, -177.46
13590, 604.25, -34.30, 1012.15, -26710.51, 30731.20, 112579.34, -50.52, -5.46, -177.46
13620, 622.44, -38.27, 1056.64, -26489.26, 30509.95, 108810.42, 168.79, -9.98, 93.55
13650, 664.06, -41.99, 1119.69, -21575.93, 34713.75, 96900.94, 168.79, -9.98, 93.55
13680, 600.59, 15.69, 1126.16, -12130.74, 41175.84, 77850.34, 168.79, -9.98, 93.55
13710, 474.49, 164.86, 1076.42, -13824.46, 33836.36, 59631.35, 168.82, -9.97, 93.50
13740, 488.65, 265.69, 1122.86, -38879.39, 15922.55, 56564.33, -46.04, -23.11, -170.21
13770, 543.95, 132.20, 1146.30, -60485.84, 2754.21, 50003.05, -46.04, -23.11, -170.21
13800, 584.23, 71.04, 1139.16, -67878.73, -5966.19, 37521.36, -46.04, -23.11, -170.21
13830, 647.52, 84.78, 1183.35, -81336.98, -11665.34, 32264.71, -46.06, -23.12, -170.20
13860, 673.65, -14.95, 1228.45, -87387.09, -13023.38, 24978.64, -176.43, 4.09, 91.03
13890, 653.87, -37.84, 1210.51, -88630.68, -19477.84, 20538.33, -176.43, 4.09, 91.03
13920, 684.88, -58.11, 1194.09, -90194.70, -29724.12, 18737.79, -176.43, 4.09, 91.03
13950, 732.73, -106.81, 1160.46, -89492.80, -31600.95, 13824.46, -176.43, 4.09, 91.03
13980, 706.85, -151.98, 1094.54, -77400.21, -24879.46, 10467.53, -176.42, 4.09, 90.98
14010, 667.79, -69.58, 1065.25, -66467.28, -18493.65, 11245.73, -12.59, -0.64, -179.93
14040, 638.85, -16.11, 1101.38, -67459.11, -16532.90, 17005.92, -12.59, -0.64, -179.93
14070, 629.88, -42.54, 1080.57, -73440.55, -20622.25, 24421.69, -12.59, -0.64, -179.93
14100, 673.58, -74.10, 1055.60, -78933.72, -27313.23, 30647.28, -12.61, -0.64, -179.92
14130, 642.40, -130.80, 1026.12, -78269.96, -23620.61, 32554.63, 169.26, -41.77, 26.22
14160, 714.29, -121.03, 1092.47, -72982.79, -24551.39, 31570.43, 169.26, -41.77, 26.22
14190, 802.86, -103.58, 1149.05, -69717.41, -18470.76, 30845.64, 169.26, -41.77, 26.22
14220, 693.73, -142.15, 1073.67, -62576.29, -6919.86, 29663.09, 169.25, -41.74, 26.20
14250, 626.89, -104.74, 1085.51, -52482.61, -10719.30, 31677.25, -117.24, -36.05, -124.37
14280, 690.31, -50.48, 1098.39, -53146.36, -25955.20, 40077.21, -117.24, -36.05, -124.37
14310, 835.88, -69.15, 1137.33, -61721.80, -40031.43, 50636.29, -117.24, -36.05, -124.37
14340, 894.17, -116.15, 1127.50, -61378.48, -38200.38, 49468.99, -117.26, -36.06, -124.36
14370, 891.24, -146.85, 1063.42, -55648.80, -32249.45, 44395.45, -173.41, -0.87, -166.02
14400, 902.34, -134.64, 1029.05, -48652.65, -22972.11, 38925.17, -173.41, -0.87, -166.02
14430, 899.35, -122.92, 1050.23, -45074.46, -10200.50, 35568.24, -173.41, -0.87, -166.02
14460, 907.10, -101.50, 1118.59, -44624.33, -3608.70, 36666.87, -173.40, -0.91, -165.99
14490, 942.75, -120.97, 1153.99, -43006.90, 640.87, 38414.00, 125.40, 27.57, -128.60
14520, 852.84, -144.47, 1020.45, -29075.62, 16418.46, 30540.47, 125.40, 27.57, -128.60
14550, 707.82, -104.25, 851.26, -21453.86, 27771.00, 25718.69, 125.40, 27.57, -128.60
14580, 607.67, -26.67, 841.19, -24490.36, 26145.94, 28274.54, 125.41, 27.54, -128.56
14610, 674.56, 26.73, 972.90, -39947.51, 14381.41, 36125.18, 88.75, 71.08, -109.55
14640, 775.82, -50.29, 1092.65, -53184.51, 6118.77, 40031.43, 88.75, 71.08, -109.55
14670, 831.60, -62.38, 1195.56, -49255.37, 5317.69, 34896.85, 88.75, 71.08, -109.55
14700, 779.48, -41.02, 1115.05, -45249.94, 7476.81, 31967.16, 88.83, 71.08, -109.44
14730, 738.65, -6.41, 1087.52, -46623.23, 4150.39, 33584.59, -66.34, 33.86, 157.73
14760, 729.25, -42.66, 1082.46, -51193.24, 892.64, 37216.19, -66.34, 33.86, 157.73
14790, 776.31, -52.31, 1139.89, -54161.07, -1594.54, 40931.70, -66.34, 33.86, 157.73
14820, 766.17, -89.72, 1101.87, -54061.89, -3318.79, 40237.43, -66.36, 33.86, 157.71
14850, 745.67, -51.76, 1090.39, -53085.33, -7896.42, 38856.51, 165.86, 27.52, -51.75
14880, 764.53, -71.11, 1065.25, -58067.32, -14030.46, 40138.25, 165.86, 27.52, -51.75
14910, 804.69, -82.28, 1077.82, -60317.99, -18959.04, 40710.45, 165.86, 27.52, -51.75
14940, 892.82, -94.12, 1103.21, -62995.91, -16647.34, 40443.42, 165.84, 27.48, -51.73
14970, 902.77, -156.56, 1075.07, -63278.20, -2220.15, 38330.08, -170.27, 51.19, 21.33
15000, 811.95, -224.73, 1032.29, -57929.99, 16304.02, 41717.53, -170.27, 51.19, 21.33
