30, 2.14, 160.03, 1069.58, -60546.88, 8590.70, 32897.95, 65.55, 70.03, -130.90
60, -25.45, 106.38, 1094.36, -60798.64, 11024.47, 37803.65, -73.33, -29.78, -157.84
90, -7.93, 160.58, 1071.04, -65864.56, 9712.22, 39443.97, -73.33, -29.78, -157.84
120, -6.23, 111.57, 1075.56, -72029.12, 9963.99, 38574.22, -73.33, -29.78, -157.84
150, 4.09, 113.34, 1069.40, -75149.54, 8171.08, 35102.84, -73.33, -29.78, -157.84
180, 43.70, 103.64, 1086.91, -76721.19, 7812.50, 30418.40, -73.34, -29.79, -157.83
210, 11.17, 130.31, 1096.25, -79429.63, 8941.65, 25230.41, 166.66, -5.06, 136.75
240, 2.93, 76.48, 1122.19, -84724.43, 7812.50, 27572.63, 166.66, -5.06, 136.75
270, 7.75, 21.42, 1167.24, -81642.15, 8026.12, 30227.66, 166.66, -5.06, 136.75
300, -2.81, 48.46, 1176.57, -75164.80, 9063.72, 31700.13, 166.66, -5.06, 136.75
330, -2.75, 168.46, 1143.31, -74737.55, 10749.82, 31318.66, 166.69, -5.06, 136.71
360, -104.98, 91.92, 1129.52, -82992.55, 7904.05, 33889.77, -83.91, -55.21, -130.08
390, -123.78, 45.90, 1145.26, -82855.23, 3288.27, 37673.95, -83.91, -55.21, -130.08
420, -176.51, 122.92, 1132.32, -84640.50, -5630.49, 39093.02, -83.91, -55.21, -130.08
450, -227.42, 86.61, 1127.62, -91262.82, -12542.72, 39474.49, -83.91, -55.21, -130.08
480, -260.93, 13.06, 1113.40, -94932.55, -20759.58, 39466.86, -83.94, -55.21, -130.07
510, -192.50, -31.80, 1147.16, -95451.35, -34080.50, 38620.00, -157.58, 34.99, 65.72
540, -144.17, -45.78, 1190.55, -97145.08, -37864.68, 36926.27, -157.58, 34.99, 65.72
570, -158.08, -99.30, 1181.95, -100021.36, -40443.42, 35232.54, -157.58, 34.99, 65.72
600, -189.70, -186.58, 1163.33, -100402.83, -52375.79, 32821.66, -157.58, 34.99, 65.72
630, -139.77, -203.80, 1170.53, -97442.63, -65383.91, 30395.51, -157.61, 34.98, 65.67
660, 7.20, -212.40, 1154.24, -92178.34, -86517.34, 24513.24, 74.25, -3.63, 177.23
690, 110.90, -217.16, 1132.81, -89706.42, -93833.92, 21354.68, 74.25, -3.63, 177.23
720, 209.41, -213.07, 1145.87, -86853.03, -96923.83, 19432.07, 74.25, -3.63, 177.23
750, 223.94, -200.56, 1137.76, -84281.92, -100799.56, 20927.43, 74.25, -3.63, 177.23
780, 317.26, -217.53, 1047.91, -84060.67, -106414.80, 29045.11, 74.25, -3.63, 177.23
810, 427.49, -256.35, 1068.12, -85029.60, -105110.17, 35163.88, 74.24, -3.64, 177.26
840, 635.25, -329.10, 1165.10, -76522.83, -92216.49, 34690.86, 51.16, -51.24, 153.81
870, 754.82, -355.71, 1217.47, -65071.11, -74630.73, 30487.06, 51.16, -51.24, 153.81
900, 771.85, -345.15, 1202.39, -53070.07, -53718.57, 26382.45, 51.16, -51.24, 153.81
930, 690.55, -315.37, 1105.90, -44456.48, -34873.96, 24520.88, 51.16, -51.24, 153.81
960, 545.10, -273.50, 1024.23, -37712.10, -20080.57, 25161.74, 51.13, -51.28, 153.81
990, 608.95, -181.21, 1143.49, -35011.29, -17509.46, 29350.28, -130.79, 44.10, 97.77
1020, 561.52, -140.01, 1156.01, -36262.51, -11634.83, 32165.53, -130.79, 44.10, 97.77
1050, 503.97, -129.70, 1173.10, -36315.92, -9674.07, 33798.22, -130.79, 44.10, 97.77
1080, 518.80, -84.96, 1195.50, -35972.59, -10040.28, 33271.79, -130.79, 44.10, 97.77
1110, 521.73, -38.51, 1246.83, -38932.80, -8674.62, 28846.74, -130.79, 44.10, 97.77
1140, 456.73, -27.28, 1273.13, -46318.05, -10818.48, 20004.27, -130.83, 44.09, 97.72
1170, 487.00, -17.64, 1321.23, -52719.12, -21537.78, 15617.37, 84.05, 21.48, -160.40
1200, 563.66, -15.87, 1294.19, -55130.00, -26489.26, 12191.77, 84.05, 21.48, -160.40
1230, 591.31, -23.32, 1301.39, -57029.72, -27610.78, 8842.47, 84.05, 21.48, -160.40
1260, 600.46, -52.49, 1276.67, -58013.91, -25566.10, 7026.67, 84.05, 21.48, -160.40
1290, 585.94, -86.12, 1240.42, -57968.14, -23803.71, 6706.24, 84.06, 21.47, -160.35
1320, 542.72, -121.95, 1168.21, -56678.77, -22552.49, 8033.75, 12.10, 27.11, -176.94
1350, 518.31, -146.00, 1119.63, -56297.30, -26039.12, 10963.44, 12.10, 27.11, -176.94
1380, 519.96, -170.78, 1107.60, -55191.04, -32623.29, 14099.12, 12.10, 27.11, -176.94
1410, 571.17, -178.10, 1107.30, -52085.88, -40710.45, 16540.53, 12.10, 27.11, -176.94
1440, 624.76, -154.85, 1088.38, -50003.05, -44990.54, 18852.23, 12.10, 27.11, -176.94
1470, 665.95, -126.59, 1097.78, -50827.03, -46791.08, 22361.76, 12.08, 27.13, -176.91
1500, 727.91, -139.59, 1111.63, -54962.16, -46989.44, 26855.47, -42.03, -52.73, -158.77
1530, 770.14, -158.14, 1118.65, -55465.70, -46783.45, 26145.94, -42.03, -52.73, -158.77
1560, 844.85, -161.99, 1151.43, -52421.57, -42114.26, 20133.97, -42.03, -52.73, -158.77
1590, 852.05, -140.01, 1122.74, -52223.21, -37178.04, 17745.97, -42.07, -52.74, -158.75
1620, 816.47, -135.50, 1076.35, -51933.29, -29342.65, 12489.32, -130.90, 42.48, 99.97
1650, 765.87, -113.71, 1012.76, -47706.61, -23422.24, 3990.17, -130.90, 42.48, 99.97
1680, 725.22, -93.14, 963.68, -45570.38, -21453.86, 7.63, -130.90, 42.48, 99.97
1710, 716.98, -57.19, 960.63, -45135.50, -21171.57, -1182.56, -130.90, 42.48, 99.97
1740, 768.55, -12.70, 1023.25, -46363.83, -21652.22, -99.18, -130.90, 42.48, 99.97
1770, 808.96, 30.82, 1036.07, -49301.15, -18554.69, 2372.74, -130.93, 42.47, 99.92
1800, 758.79, 34.91, 999.08, -59539.80, -9117.13, 9124.76, 81.26, 44.26, -141.16
1830, 715.39, -18.68, 987.55, -67001.34, -6195.07, 13755.80, 81.26, 44.26, -141.16
1860, 707.28, -66.35, 976.50, -69091.80, -6408.69, 14389.04, 81.26, 44.26, -141.16
1890, 739.75, -54.93, 1011.72, -67077.64, -7041.93, 12596.13, 81.26, 44.26, -141.16
1920, 793.27, -6.47, 1015.20, -66429.14, -3364.56, 12496.95, 81.28, 44.25, -141.10
1950, 828.98, 3.42, 1019.65, -71647.64, 10047.91, 17013.55, 2.31, 59.95, -178.34
1980, 831.12, -31.98, 1037.66, -72647.09, 21728.52, 20545.96, 2.31, 59.95, -178.34
2010, 824.22, -51.94, 1042.24, -68351.74, 32920.84, 22727.97, 2.31, 59.95, -178.34
2040, 831.36, -1.83, 1095.52, -58235.17, 48263.55, 28335.57, 2.31, 59.95, -178.34
2070, 820.25, 32.29, 1129.09, -53024.29, 55473.33, 33653.26, 2.31, 59.95, -178.34
2100, 784.18, 44.98, 1121.40, -48576.36, 59249.88, 38375.86, 2.29, 59.97, -178.32
2130, 704.22, 71.78, 1111.82, -42633.05, 60508.73, 44433.59, -74.28, -29.23, -157.89
2160, 630.19, 85.82, 1103.76, -40328.98, 58265.69, 49507.14, -74.28, -29.23, -157.89
2190, 578.43, 110.17, 1115.78, -39756.77, 50918.58, 53604.13, -74.28, -29.23, -157.89
2220, 573.43, 127.56, 1154.54, -42350.77, 33561.71, 55152.89, -74.28, -29.23, -157.89
2250, 561.95, 117.49, 1150.63, -45234.68, 23857.12, 53337.10, -74.31, -29.24, -157.88
2280, 526.98, 96.68, 1152.59, -54290.77, 13778.69, 48698.43, -164.95, 10.15, 114.21
2310, 501.40, 52.92, 1131.10, -62171.94, 9887.70, 44067.38, -164.95, 10.15, 114.21
2340, 470.52, 15.93, 1128.30, -67283.63, 6347.66, 36880.49, -164.95, 10.15, 114.21
2370, 446.72, 2.14, 1101.56, -70236.20, 3387.45, 29777.53, -164.95, 10.15, 114.21
2400, 415.95, -15.32, 1063.35, -74745.18, -1167.30, 22407.53, -164.94, 10.16, 114.16
2430, 443.24, -45.10, 1052.67, -77629.09, -11642.46, 21438.60, -30.43, -16.08, -175.68
2460, 539.92, -46.14, 1088.44, -78971.86, -20111.08, 24925.23, -30.43, -16.08, -175.68
2490, 664.49, -38.15, 1134.03, -79994.20, -19920.35, 28373.72, -30.43, -16.08, -175.68
2520, 778.26, -43.46, 1229.49, -78758.24, -14129.64, 29067.99, -30.43, -16.08, -175.68
2550, 794.49, -51.21, 1248.66, -75950.63, -6492.61, 27908.32, -30.43, -16.08, -175.68
2580, 754.27, -67.44, 1218.26, -71586.61, 1358.03, 26748.66, -30.46, -16.08, -175.68
2610, 695.98, -72.75, 1128.30, -68717.95, 4714.97, 27275.09, 177.76, -4.47, 40.67
2640, 647.83, -89.60, 1046.94, -66894.53, 5378.72, 27992.25, 177.76, -4.47, 40.67
2670, 608.34, -102.54, 978.45, -64109.80, 4081.73, 28442.38, 177.76, -4.47, 40.67
2700, 612.24, -106.45, 982.97, -59387.21, 1251.22, 28160.10, 177.76, -4.47, 40.67
2730, 637.02, -78.86, 976.01, -55473.33, -289.92, 28152.46, 177.76, -4.48, 40.65
2760, 640.75, -41.50, 979.00, -52848.82, -1937.87, 29022.22, 61.35, 32.92, -159.88
2790, 660.95, -5.00, 1001.22, -53649.90, -4013.06, 29968.26, 61.35, 32.92, -159.88
2820, 707.82, 13.37, 1048.22, -56007.39, -6317.14, 32257.08, 61.35, 32.92, -159.88
2850, 801.51, 27.40, 1106.69, -59074.40, -5554.20, 35888.67, 61.35, 32.92, -159.88
2880, 827.21, 9.16, 1094.18, -62736.51, 1281.74, 39314.27, 61.35, 32.92, -159.88
2910, 810.49, -23.13, 1102.23, -67092.90, 11116.03, 42739.87, 61.36, 32.91, -159.84
2940, 721.80, -125.55, 1133.54, -69091.80, 24459.84, 45013.43, 0.85, 22.15, -179.72
2970, 626.04, -150.27, 1118.35, -63674.93, 29655.46, 40489.20, 0.85, 22.15, -179.72
3000, 526.43, -131.16, 1137.02, -60829.16, 29335.02, 36262.51, 0.85, 22.15, -179.72
3030, 489.93, -137.82, 1198.18, -60783.39, 21186.83, 34378.05, 0.83, 22.16, -179.71
3060, 525.02, -129.82, 1186.77, -56030.27, 8529.66, 29266.36, -78.53, -57.45, -132.18
3090, 552.25, -91.31, 1186.89, -49926.76, -160.22, 22323.61, -78.53, -57.45, -132.18
3120, 585.39, -38.21, 1160.77, -48568.73, -5912.78, 21759.03, -78.53, -57.45, -132.18
3150, 636.05, -12.94, 1132.93, -50064.09, -9788.51, 24436.95, -78.58, -57.46, -132.16
3180, 667.66, 0.06, 1158.33, -53474.43, -8979.80, 27137.76, -105.98, 24.93, 147.64
3210, 670.29, -31.56, 1118.16, -55068.97, -7308.96, 25405.88, -105.98, 24.93, 147.64
3240, 676.94, -21.85, 1138.24, -56633.00, -4272.46, 23223.88, -105.98, 24.93, 147.64
3270, 661.87, -31.07, 1180.48, -60844.42, -328.06, 21682.74, -105.98, 24.93, 147.64
3300, 615.78, -53.22, 1101.32, -59700.01, 1945.50, 12115.48, -105.98, 24.93, 147.62
3330, 603.76, -10.44, 1097.47, -61264.04, 3211.98, 9117.13, -21.70, 17.34, 176.75
3360, 584.17, -26.25, 1117.80, -65956.12, 2723.69, 9269.71, -21.70, 17.34, 176.75
3390, 565.37, -46.69, 1107.91, -67901.61, -1152.04, 11268.62, -21.72, 17.35, 176.76
3420, 587.95, -61.34, 1091.06, -67230.23, -6065.37, 11665.34, -152.77, -53.20, -52.64
3450, 669.49, -21.36, 1153.38, -66139.22, -9483.34, 9819.03, -152.77, -53.20, -52.64
3480, 696.72, -22.34, 1130.98, -65818.79, -6629.94, 6416.32, -152.77, -53.20, -52.64
3510, 652.28, -24.05, 1085.21, -64094.54, -617.98, 4356.38, -152.82, -53.20, -52.61
3540, 601.44, -4.76, 1048.77, -61561.59, -640.87, 823.97, -121.94, -30.71, -127.89
3570, 632.93, 3.54, 1074.10, -62576.29, -4531.86, -4646.30, -121.94, -30.71, -127.89
3600, 649.48, -46.02, 1082.89, -61973.57, -6515.50, -14808.65, -121.94, -30.71, -127.89
3630, 629.33, -14.71, 1047.06, -54817.20, -7850.65, -23735.05, -121.95, -30.72, -127.88
3660, 634.83, 90.82, 1025.94, -54130.55, -7888.79, -20195.01, 168.55, 4.46, -135.59
3690, 653.87, 132.14, 1101.93, -60630.80, -5447.39, -6423.95, 168.55, 4.46, -135.59
3720, 643.62, 108.09, 1112.00, -61767.58, -2021.79, 6446.84, 168.55, 4.46, -135.59
3750, 648.93, 111.45, 1173.83, -64895.63, 3738.40, 18486.02, 168.55, 4.46, -135.59
3780, 625.00, 65.80, 1220.95, -65513.61, 8926.39, 25001.53, 168.56, 4.43, -135.57
3810, 538.88, 78.80, 1153.81, -62454.22, 8193.97, 27084.35, 80.05, 51.00, -135.94
3840, 517.09, 91.13, 1103.88, -63301.09, 778.20, 28411.87, 80.05, 51.00, -135.94
3870, 565.67, 88.20, 1088.44, -65017.70, -3906.25, 29853.82, 80.05, 51.00, -135.94
3900, 590.03, 76.97, 1099.61, -67123.41, -2655.03, 32196.04, 80.07, 51.00, -135.88
3930, 585.33, 53.04, 1104.25, -67848.20, -2723.69, 34721.38, -29.74, 39.43, 169.34
3960, 574.46, 46.20, 1084.47, -67375.18, -6446.84, 34721.38, -29.74, 39.43, 169.34
3990, 610.78, 54.32, 1094.36, -67779.54, -10543.82, 32630.92, -29.74, 39.43, 169.34
4020, 627.56, 25.76, 1042.42, -69633.48, -10032.65, 32875.06, -29.77, 39.44, 169.34
4050, 651.92, -0.98, 1029.60, -68466.19, -8903.50, 32554.63, -147.46, -36.10, -84.76
4080, 678.34, -16.72, 1032.41, -65963.74, -7141.11, 32455.45, -147.46, -36.10, -84.76
4110, 700.56, -19.41, 1020.63, -62889.10, -602.72, 30937.20, -147.46, -36.10, -84.76
4140, 631.16, -26.43, 1013.98, -63339.23, 3112.79, 29182.43, -147.49, -36.12, -84.75
4170, 614.50, -43.40, 1103.70, -64918.52, -2677.92, 24604.80, -142.68, -24.40, -115.59
4200, 642.88, -42.79, 1167.97, -65277.10, -10383.61, 18074.04, -142.68, -24.40, -115.59
4230, 676.76, -6.41, 1179.20, -64460.75, -16899.11, 10772.71, -142.68, -24.40, -115.59
4260, 699.04, 29.72, 1160.10, -68328.86, -19760.13, 8605.96, -142.70, -24.42, -115.58
4290, 686.89, 20.63, 1097.11, -74043.27, -19081.12, 9635.93, 156.74, 15.07, -113.23
4320, 702.45, 2.38, 1054.08, -76271.05, -19104.00, 9284.97, 156.74, 15.07, -113.23
4350, 718.14, -0.79, 1049.01, -74195.86, -13214.11, 11932.37, 156.74, 15.07, -113.23
4380, 667.60, -12.82, 976.50, -69938.66, -10948.18, 17265.32, 156.74, 15.07, -113.23
4410, 729.80, 11.47, 1036.62, -67649.84, -14686.58, 24467.47, 156.74, 15.04, -113.21
4440, 760.01, -7.87, 1061.89, -68115.23, -15312.20, 30677.79, 148.54, 63.47, -48.14
4470, 850.28, 7.02, 1129.39, -68893.43, -14259.34, 32272.34, 148.54, 63.47, -48.14
4500, 859.19, -12.21, 1123.78, -71609.50, -9216.31, 29174.80, 148.54, 63.47, -48.14
4530, 789.06, -72.75, 1092.04, -71052.55, -5424.50, 20935.06, 148.54, 63.43, -48.11
4560, 776.06, -77.88, 1052.55, -66528.32, -2326.97, 12634.28, -94.74, 46.03, 130.89
4590, 756.65, -67.81, 1030.76, -66360.48, 5706.79, 9521.48, -94.74, 46.03, 130.89
4620, 729.00, -79.28, 1087.89, -66833.50, 12565.61, 8850.10, -94.74, 46.03, 130.89
4650, 686.58, -69.03, 1067.69, -62904.36, 16021.73, 6752.01, -94.77, 46.03, 130.85
4680, 629.76, -18.07, 1058.23, -59165.95, 12214.66, 6591.80, 111.71, 38.10, -125.52
4710, 623.11, 31.98, 1032.35, -61790.46, 4913.33, 12878.42, 111.71, 38.10, -125.52
4740, 668.70, 44.13, 1052.55, -68893.43, -2502.44, 21530.15, 111.71, 38.10, -125.52
4770, 673.46, -9.09, 1057.13, -73219.30, -7179.26, 26321.41, 111.73, 38.07, -125.47
4800, 727.97, -40.71, 1054.93, -73181.16, -12634.28, 26000.98, 40.59, 85.02, -142.01
4830, 774.35, -41.75, 1086.00, -71083.07, -13816.83, 23880.00, 40.59, 85.02, -142.01
4860, 819.27, -34.55, 1093.81, -70106.51, -10093.69, 22727.97, 40.59, 85.02, -142.01
4890, 742.37, -53.34, 1026.00, -70053.10, -1930.24, 22453.31, 40.83, 85.04, -141.74
4920, 720.15, -70.56, 1007.81, -68931.58, 785.83, 21377.56, -90.86, 9.09, 170.86
4950, 754.76, -42.42, 1096.25, -64979.55, 1129.15, 18592.83, -90.86, 9.09, 170.86
4980, 764.53, -10.86, 1111.63, -63079.84, 5996.70, 17608.64, -90.86, 9.09, 170.86
5010, 691.47, 1.46, 1091.00, -63362.12, 11184.69, 18898.01, -90.86, 9.09, 170.86
5040, 694.27, 36.62, 1158.94, -65010.07, 8628.85, 21415.71, -90.86, 9.08, 170.85
5070, 707.52, 14.10, 1177.19, -70075.99, 8285.52, 22247.31, -114.14, 15.77, 156.14
5100, 676.09, 5.49, 1124.39, -70549.01, 8461.00, 21369.93, -114.14, 15.77, 156.14
5130, 624.82, -48.10, 1085.33, -73867.80, 7873.54, 23521.42, -114.13, 15.76, 156.12
5160, 640.93, -84.47, 1065.73, -72570.80, 5699.16, 23483.28, -82.35, -13.73, -168.09
5190, 620.61, -108.89, 1038.02, -70114.13, 5752.56, 22262.57, -82.35, -13.73, -168.09
5220, 606.08, -136.35, 1025.88, -66635.13, 4295.35, 22254.94, -82.35, -13.73, -168.09
5250, 724.43, -107.24, 1081.12, -61454.77, -30.52, 22193.91, -82.36, -13.75, -168.08
5280, 762.39, -97.29, 1111.63, -60165.41, 5622.86, 25093.08, 169.55, -3.60, 139.92
5310, 766.72, -94.60, 1167.36, -57258.61, 6103.52, 27908.32, 169.55, -3.60, 139.92
5340, 756.96, -84.17, 1129.52, -55252.07, 9742.74, 31272.89, 169.55, -3.60, 139.92
5370, 746.40, -85.51, 1114.69, -58586.12, 14144.90, 38536.07, 169.55, -3.60, 139.92
5400, 725.71, -116.03, 1104.31, -57571.41, 11184.69, 39115.91, 169.58, -3.62, 139.89
5430, 749.63, -80.93, 1114.69, -55313.11, 6286.62, 34858.70, -118.30, -19.72, -147.90
5460, 761.90, -60.24, 1094.91, -57968.14, 8079.53, 31265.26, -118.30, -19.72, -147.90
5490, 696.90, -76.05, 1052.49, -61988.83, 11352.54, 28030.39, -118.30, -19.72, -147.90
5520, 661.62, -90.09, 1054.32, -65895.08, 10917.66, 25886.54, -118.31, -19.74, -147.89
5550, 655.46, -114.62, 1101.44, -69053.65, 6301.88, 26634.22, 129.93, 6.78, -165.36
5580, 679.87, -140.20, 1112.55, -67962.65, 289.92, 25215.15, 129.93, 6.78, -165.36
5610, 764.22, -148.93, 1163.57, -64315.80, -3608.70, 22109.98, 129.93, 6.78, -165.36
5640, 775.45, -122.50, 1123.84, -59394.84, 4150.39, 18028.26, 129.94, 6.75, -165.32
5670, 724.06, -76.11, 1158.51, -60127.26, 5134.58, 17562.87, 79.01, 41.14, -145.28
5700, 762.39, -78.92, 1138.37, -61180.11, 7232.67, 15769.96, 79.01, 41.14, -145.28
5730, 645.45, -65.25, 1148.44, -61401.37, 13572.69, 14625.55, 79.01, 41.14, -145.28
5760, 588.13, -51.09, 1122.13, -63774.11, 8651.73, 15319.82, 79.04, 41.14, -145.22
5790, 571.96, -57.74, 1083.07, -66490.17, 2960.21, 14060.97, -19.81, 49.36, 171.09
5820, 618.65, -66.22, 1126.46, -63079.84, -9529.11, 11550.90, -19.81, 49.36, 171.09
5850, 702.82, -10.56, 1099.91, -60409.55, -5676.27, 11573.79, -19.81, 49.36, 171.09
5880, 605.10, -14.59, 1050.48, -65406.80, 762.94, 18463.13, -19.84, 49.38, 171.09
5910, 610.47, -72.14, 1058.17, -67268.38, -5256.65, 23666.38, -109.78, -32.71, -135.13
5940, 707.64, -60.55, 1098.21, -61584.47, -8132.93, 22499.08, -109.78, -32.71, -135.13
5970, 695.25, 1.34, 1091.92, -59822.08, -3089.90, 19577.03, -109.78, -32.71, -135.13
6000, 654.05, -2.62, 1106.02, -62759.40, -2677.92, 21522.52, -109.80, -32.73, -135.12
6030, 724.00, 17.58, 1126.71, -65887.45, -3280.64, 25451.66, 176.72, 0.11, -175.73
6060, 753.30, -31.07, 1170.84, -73547.36, 5371.09, 29914.86, 176.72, 0.11, -175.73
6090, 656.92, -134.40, 1199.04, -74661.26, 11001.59, 31509.40, 176.72, 0.11, -175.73
6120, 696.47, -151.98, 1198.73, -67504.88, 7415.77, 25627.14, 176.74, 0.07, -175.71
6150, 639.65, -108.58, 1183.90, -66360.48, 19531.25, 20835.88, 136.38, 28.03, -115.33
6180, 393.07, -123.47, 1108.09, -69511.41, 21240.23, 19554.14, 136.38, 28.03, -115.33
6210, 378.97, -142.64, 1110.90, -70007.33, -1632.69, 20080.57, 136.38, 28.03, -115.33
6240, 531.80, -149.72, 1080.08, -67306.52, -17669.68, 21224.98, 136.38, 28.03, -115.33
6270, 648.01, -157.84, 1077.33, -65536.50, -23925.78, 23368.84, 136.40, 28.00, -115.30
6300, 804.50, -157.35, 1141.24, -61828.61, -27336.12, 25253.30, 155.67, 74.29, -31.04
6330, 918.88, -124.76, 1170.59, -58349.61, -20179.75, 24154.66, 155.67, 74.29, -31.04
6360, 862.73, -108.03, 1124.51, -61058.04, -5966.19, 23330.69, 155.67, 74.29, -31.04
6390, 769.04, -138.85, 1106.93, -67176.82, -2487.18, 25550.84, 155.68, 74.25, -30.99
6420, 724.30, -160.77, 1072.75, -68489.08, -3204.35, 23193.36, -97.59, 26.86, 149.78
6450, 706.12, -178.77, 1040.83, -67741.39, -6866.46, 19859.31, -97.59, 26.86, 149.78
6480, 718.51, -186.77, 1067.08, -66108.70, -7614.14, 18157.96, -97.59, 26.86, 149.78
6510, 737.98, -183.04, 1119.45, -63179.02, -8773.80, 19256.59, -97.60, 26.86, 149.76
6540, 781.43, -175.48, 1170.23, -59974.67, -11474.61, 20507.81, -18.26, 55.60, 170.64
6570, 736.39, -180.66, 1085.88, -56777.95, -5310.06, 19752.50, -18.26, 55.60, 170.64
6600, 681.46, -182.62, 1069.21, -50643.92, -5508.42, 19096.38, -18.26, 55.60, 170.64
6630, 795.04, -91.43, 1147.77, -44921.88, -8338.93, 16517.64, -18.29, 55.62, 170.64
6660, 767.94, -54.99, 1119.93, -46035.77, -7904.05, 16593.93, -97.98, -24.55, -152.19
6690, 785.89, -55.85, 1127.87, -48545.84, -9017.94, 20065.31, -97.98, -24.55, -152.19
6720, 863.53, -50.78, 1118.71, -47866.82, -7362.37, 20576.48, -97.98, -24.55, -152.19
6750, 797.30, -40.34, 1023.19, -48851.01, 6073.00, 20843.51, -98.00, -24.57, -152.18
6780, 663.94, -12.70, 1036.19, -57128.91, 10162.35, 24787.90, 170.02, -1.40, 163.04
6810, 712.22, -33.94, 1100.16, -63728.33, 7995.61, 25268.55, 170.02, -1.40, 163.04
6840, 686.52, -61.83, 1047.24, -64323.43, 10536.19, 23696.90, 170.02, -1.40, 163.04
6870, 610.84, -61.83, 1048.71, -63774.11, 2426.15, 21377.56, 170.06, -1.43, 163.04
6900, 720.03, -41.26, 1109.13, -61882.02, -5027.77, 16876.22, -180.28, -0.18, -117.03
6930, 770.26, -9.58, 1132.08, -60165.41, -3929.14, 12916.56, -180.28, -0.18, -117.03
6960, 781.01, 17.70, 1107.24, -60844.42, -709.53, 11611.94, -180.28, -0.18, -117.03
6990, 722.96, 31.86, 1084.72, -63568.12, 114.44, 14266.97, -180.28, -0.20, -117.01
7020, 726.56, 13.12, 1064.51, -67382.81, -1480.10, 17173.77, 106.97, 59.11, -104.52
7050, 719.06, -2.26, 1067.99, -67253.11, -915.53, 17768.86, 106.97, 59.11, -104.52
7080, 701.11, 6.10, 1049.44, -67283.63, -1632.69, 17692.57, 106.97, 59.11, -104.52
7110, 695.13, -14.95, 1012.27, -68351.74, -2784.73, 18211.37, 107.01, 59.09, -104.45
7140, 695.98, -38.82, 1023.86, -67314.15, -4829.41, 21072.39, -73.94, 62.55, 131.31
7170, 747.80, -44.86, 1051.21, -65826.41, -4997.25, 25733.95, -73.94, 62.55, 131.31
7200, 800.11, -44.74, 1127.38, -65620.42, -862.12, 31196.59, -73.94, 62.55, 131.31
7230, 804.26, -60.18, 1188.54, -64903.26, 198.36, 34111.02, -74.00, 62.56, 131.26
7260, 839.42, -66.89, 1178.22, -64178.47, 801.09, 34942.63, -166.80, -7.74, -121.58
7290, 842.16, -78.61, 1148.19, -65345.77, 9948.73, 32653.81, -166.80, -7.74, -121.58
7320, 735.29, -107.30, 1089.54, -64033.51, 23429.87, 25741.58, -166.80, -7.74, -121.58
7350, 545.29, -131.84, 993.53, -61317.45, 29609.68, 19470.21, -166.80, -7.74, -121.58
7380, 471.98, -117.13, 962.34, -60791.02, 15670.78, 21492.00, -166.81, -7.75, -121.56
7410, 564.76, -133.36, 996.22, -63247.68, -2769.47, 26412.96, 73.67, 41.85, -147.72
7440, 729.19, -146.79, 1095.52, -61767.58, -11810.30, 28152.46, 73.67, 41.85, -147.72
7470, 841.06, -125.92, 1145.87, -57662.96, -8781.43, 26802.06, 73.67, 41.85, -147.72
7500, 837.04, -119.32, 1168.46, -52131.65, 1251.22, 26412.96, 73.70, 41.84, -147.66
7530, 826.90, -69.27, 1167.24, -49804.69, 4699.71, 27801.51, -11.03, 49.46, 175.17
7560, 822.20, -53.47, 1177.55, -49728.39, 5630.49, 30906.68, -11.03, 49.46, 175.17
7590, 781.13, -52.19, 1140.99, -50041.20, 6469.73, 32585.14, -11.03, 49.46, 175.17
7620, 741.03, -53.96, 1095.89, -50163.27, 2174.38, 31761.17, -11.05, 49.48, 175.18
7650, 736.63, -49.44, 1023.93, -51872.25, 465.39, 29197.69, -85.17, -33.52, -149.36
7680, 710.69, -33.02, 989.81, -56007.39, 4318.24, 27519.23, -85.17, -33.52, -149.36
7710, 659.85, -36.68, 972.05, -63980.10, 9193.42, 26969.91, -85.17, -33.52, -149.36
7740, 638.37, -56.88, 1000.73, -70281.98, 8712.77, 24772.64, -85.19, -33.54, -149.35
7770, 652.77, -78.55, 1067.32, -74928.28, 1785.28, 22743.22, -162.77, 8.72, 128.18
7800, 719.36, -110.17, 1100.04, -75653.08, -6118.77, 20820.62, -162.77, 8.72, 128.18
7830, 784.36, -105.59, 1139.28, -72158.81, -9559.63, 17608.64, -162.77, 8.72, 128.18
7860, 853.76, -62.19, 1197.57, -69755.55, -11299.13, 15007.02, -162.74, 8.71, 128.14
7890, 883.79, -47.97, 1178.22, -68763.73, -3486.63, 11001.59, -68.58, -13.37, -170.95
7920, 801.94, -52.73, 1115.11, -69732.66, 9490.97, 8995.06, -68.58, -13.37, -170.95
7950, 640.81, -75.74, 1000.43, -70945.74, 20530.70, 8255.00, -68.58, -13.37, -170.95
7980, 552.25, -73.12, 1008.91, -72547.91, 15594.48, 10238.65, -68.58, -13.37, -170.95
8010, 578.13, -90.15, 1047.24, -71548.46, 3097.53, 10345.46, -68.60, -13.39, -170.95
8040, 671.08, -52.92, 1084.96, -66062.93, -7759.09, 9170.53, -177.20, 2.96, 97.80
8070, 760.86, 10.50, 1133.36, -64392.09, -9132.38, 11276.25, -177.20, 2.96, 97.80
8100, 777.40, 11.35, 1119.87, -67131.04, -541.69, 16532.90, -177.20, 2.96, 97.80
8130, 703.49, -53.10, 1120.67, -65238.95, 5187.99, 20812.99, -177.19, 2.95, 97.75
8160, 699.34, -36.93, 1114.32, -58815.00, 205.99, 23788.45, -26.82, 12.07, 177.18
8190, 720.52, -23.99, 1106.38, -57807.92, -2861.02, 32447.81, -26.82, 12.07, 177.18
8220, 707.03, -55.30, 1062.32, -56343.08, -5325.32, 35507.20, -26.82, 12.07, 177.18
8250, 713.75, -53.77, 1033.81, -54000.86, -10414.12, 34355.16, -26.84, 12.07, 177.19
8280, 807.01, -31.92, 1074.04, -53329.47, -10154.72, 31608.58, -179.70, -43.81, -2.21
8310, 848.21, -18.80, 1071.66, -54328.92, 4158.02, 28396.61, -179.70, -43.81, -2.21
8340, 747.50, 4.94, 1055.11, -58181.76, 18760.68, 27046.20, -179.70, -43.81, -2.21
8370, 622.80, 12.08, 1049.26, -66055.30, 18821.72, 28091.43, -179.74, -43.78, -2.20
8400, 596.74, -26.98, 1061.16, -72593.69, 7499.69, 28503.42, -150.08, -25.24, -101.21
8430, 636.29, -82.76, 1100.83, -72151.19, -3425.60, 25856.02, -150.08, -25.24, -101.21
8460, 689.88, -122.19, 1110.60, -67626.95, -12123.11, 25932.31, -150.08, -25.24, -101.21
8490, 783.02, -131.65, 1099.00, -62835.70, -17967.22, 28099.06, -150.09, -25.26, -101.20
8520, 848.02, -124.21, 1070.07, -61607.36, -12611.39, 32958.98, -179.42, -1.05, -95.18
8550, 773.07, -158.69, 1028.81, -62812.80, 3532.41, 39169.31, -179.42, -1.05, -95.18
8580, 750.55, -189.39, 1056.52, -59616.09, 1777.65, 39489.75, -179.42, -1.05, -95.18
8610, 801.94, -140.01, 1103.09, -54557.80, -2983.09, 35331.73, -179.43, -1.08, -95.17
8640, 854.37, -91.67, 1126.22, -54710.39, -4707.34, 33210.75, 164.62, 35.82, -43.81
8670, 853.88, -71.96, 1110.17, -57762.14, -1686.10, 30616.76, 164.62, 35.82, -43.81
8700, 792.42, -114.99, 1051.70, -63713.07, 3166.20, 28755.19, 164.62, 35.82, -43.81
8730, 752.38, -136.72, 1045.17, -65452.57, 3013.61, 27076.72, 164.59, 35.78, -43.79
8760, 746.64, -159.73, 1068.24, -66268.92, -1884.46, 25238.04, -151.66, 53.83, 53.84
8790, 783.02, -182.74, 1081.79, -64918.52, -7705.69, 23414.61, -151.66, 53.83, 53.84
8820, 794.92, -183.41, 1018.37, -61920.16, -9902.95, 19889.83, -151.66, 53.83, 53.84
8850, 809.08, -172.06, 1012.27, -59265.14, -7385.25, 16258.24, -151.71, 53.80, 53.81
8880, 804.14, -127.87, 1023.74, -58197.02, -3837.59, 13069.15, 176.55, 0.69, -152.79
8910, 853.33, -71.29, 1088.44, -59982.30, -2441.41, 11001.59, 176.55, 0.69, -152.79
8940, 879.03, -28.63, 1137.70, -65620.42, 4211.43, 10177.61, 176.55, 0.69, -152.79
8970, 770.63, -66.77, 1071.90, -72563.17, 10536.19, 8789.06, 176.56, 0.66, -152.77
9000, 674.62, -99.06, 992.37, -72769.16, 6477.36, 4005.43, 102.44, 42.17, -128.27
9030, 733.83, -83.50, 1055.66, -72219.85, -541.69, 3601.07, 102.44, 42.17, -128.27
9060, 772.95, -81.18, 1079.35, -70159.91, -228.88, 4447.94, 102.44, 42.17, -128.27
9090, 771.97, -57.98, 1103.52, -65025.33, 938.42, 5714.42, 102.46, 42.15, -128.22
9120, 766.72, -33.75, 1091.00, -61874.39, 2166.75, 11062.62, -18.17, 82.56, 164.53
9150, 744.75, -33.94, 1048.28, -59303.29, 3700.26, 15853.88, -18.17, 82.56, 164.53
9180, 696.96, -20.20, 981.57, -56167.60, 5020.14, 17700.20, -18.17, 82.56, 164.53
9210, 711.30, 33.02, 1045.35, -58334.35, 1113.89, 21362.30, -18.17, 82.56, 164.53
9240, 821.17, 26.49, 1109.80, -61965.94, -3685.00, 22712.71, -18.25, 82.59, 164.47
9270, 818.79, 4.21, 1064.09, -62026.98, 1251.22, 20225.53, -100.51, -1.53, -178.19
9300, 754.27, -0.73, 1029.36, -67276.00, 7392.88, 21163.94, -100.51, -1.53, -178.19
9330, 687.19, -52.19, 1008.12, -75042.73, 5920.41, 22163.39, -100.51, -1.53, -178.19
9360, 707.76, -110.66, 1051.03, -78956.60, -5912.78, 22232.05, -100.51, -1.55, -178.19
9390, 874.15, -133.97, 1175.78, -77278.14, -14068.60, 20767.21, -177.14, 0.09, 177.24
9420, 960.82, -147.71, 1172.73, -71983.34, -6088.26, 17410.28, -177.14, 0.09, 177.24
9450, 815.19, -186.52, 1060.55, -64537.05, 9239.20, 15777.59, -177.14, 0.09, 177.24
9480, 685.18, -187.68, 976.93, -58334.35, 15441.89, 17906.19, -177.11, 0.06, 177.25
9510, 644.65, -162.41, 971.74, -57106.02, 15548.71, 23689.27, 148.28, 19.77, -115.97
9540, 694.76, -157.17, 1059.27, -57861.33, 10459.90, 28320.31, 148.28, 19.77, -115.97
9570, 768.98, -109.44, 1117.68, -56854.25, 7370.00, 28923.04, 148.28, 19.77, -115.97
9600, 753.85, -91.13, 1059.39, -60806.27, 9735.11, 25909.42, 148.29, 19.74, -115.94
9630, 744.51, -88.87, 1098.39, -64956.66, 6851.20, 23666.38, 137.11, 72.99, -55.23
9660, 785.52, -117.00, 1152.16, -67840.58, 3555.30, 26161.19, 137.11, 72.99, -55.23
9690, 809.63, -155.58, 1166.44, -64781.19, 1487.73, 27816.77, 137.11, 72.99, -55.23
9720, 788.09, -170.10, 1135.44, -57701.11, -2258.30, 26878.36, 137.15, 72.96, -55.16
9750, 757.39, -161.25, 1073.30, -52230.84, -7110.60, 26329.04, -94.11, 37.39, 140.41
9780, 795.59, -124.08, 1056.58, -49385.07, -8003.23, 26474.00, -94.11, 37.39, 140.41
9810, 785.10, -109.07, 1024.78, -48057.55, -3417.97, 24070.74, -94.11, 37.39, 140.41
9840, 756.16, -84.72, 1034.42, -48156.74, -4180.91, 23048.40, -94.11, 37.39, 140.41
9870, 819.34, -56.95, 1046.33, -50804.14, -4806.52, 23017.88, -94.13, 37.39, 140.38
9900, 832.34, -42.42, 1041.87, -54687.50, 5920.41, 22178.65, 98.99, 71.42, -99.25
9930, 752.93, -13.73, 1055.66, -61836.24, 13633.73, 22575.38, 98.99, 71.42, -99.25
9960, 733.83, -19.53, 1107.36, -69396.97, 10223.39, 20561.22, 98.99, 71.42, -99.25
9990, 712.71, -31.01, 1092.16, -69511.41, 6919.86, 15823.36, 99.08, 71.40, -99.13
10020, 646.06, -34.91, 987.24, -71357.73, 6736.76, 16822.81, -79.49, 40.71, 146.03
10050, 630.55, -61.10, 1021.55, -73776.24, -587.46, 22521.97, -79.49, 40.71, 146.03
10080, 751.16, -72.81, 1087.34, -70953.37, -10925.29, 24879.46, -79.49, 40.71, 146.03
10110, 833.56, -58.96, 1101.07, -66658.02, -14312.74, 24101.26, -79.52, 40.71, 146.01
10140, 859.74, -41.81, 1104.37, -62957.77, -11787.41, 22964.48, 150.69, 36.72, -75.29
10170, 851.75, -10.74, 1046.33, -61065.67, -7240.30, 21247.86, 150.69, 36.72, -75.29
10200, 803.47, -19.47, 1003.05, -64094.54, -259.40, 23422.24, 150.69, 36.72, -75.29
10230, 757.51, -67.50, 1017.09, -63453.68, 2799.99, 25596.62, 150.68, 36.68, -75.27
10260, 779.66, -56.70, 1048.83, -62843.32, 3837.59, 30723.57, -168.05, 59.62, 21.68
10290, 821.29, -88.44, 1097.41, -63629.15, 1754.76, 30830.38, -168.05, 59.62, 21.68
10320, 757.93, -106.69, 1017.94, -59341.43, 7568.36, 25039.67, -168.05, 59.62, 21.68
10350, 687.50, -71.72, 1043.33, -57823.18, 8384.71, 21980.29, -168.09, 59.59, 21.67
10380, 760.44, -58.84, 1110.47, -58845.52, -602.72, 21476.75, -135.66, 2.89, 173.01
10410, 875.55, -80.44, 1168.21, -59783.94, 1319.89, 24673.46, -135.66, 2.89, 173.01
10440, 817.81, -114.01, 1146.12, -58303.83, 15136.72, 28511.05, -135.66, 2.89, 173.01
10470, 692.50, -121.64, 1078.86, -56800.84, 19897.46, 31250.00, -135.65, 2.86, 173.01
10500, 621.40, -128.23, 1010.93, -57647.70, 12985.23, 32745.36, -179.59, -0.43, -132.33
10530, 652.53, -150.63, 1018.80, -58464.05, 2784.73, 32348.63, -179.59, -0.43, -132.33
10560, 769.47, -137.51, 1084.53, -57945.25, -5195.62, 30723.57, -179.59, -0.43, -132.33
10590, 831.54, -126.53, 1073.67, -58456.42, -3974.91, 29548.64, -179.59, -0.46, -132.30
10620, 788.45, -145.32, 974.18, -61050.41, 3997.80, 29991.15, 85.88, 46.82, -135.72
10650, 766.24, -153.32, 1010.80, -64376.83, 8338.93, 31303.41, 85.88, 46.82, -135.72
10680, 802.00, -162.41, 1085.63, -66215.52, 7865.91, 30952.45, 85.88, 46.82, -135.72
10710, 846.31, -158.51, 1175.35, -64292.91, 3410.34, 27511.60, 85.91, 46.81, -135.65
10740, 863.65, -120.30, 1183.29, -60592.65, -1113.89, 20355.22, -35.61, 70.31, 154.93
10770, 861.02, -79.96, 1145.57, -61546.32, -968.93, 15327.45, -35.61, 70.31, 154.93
10800, 806.76, -97.35, 1097.17, -68023.68, -587.46, 15068.05, -35.61, 70.31, 154.93
10830, 755.68, -141.66, 1030.33, -68214.41, -503.54, 13038.63, -35.61, 70.31, 154.93
10860, 725.10, -140.93, 1005.13, -66833.50, 587.46, 12496.95, -35.66, 70.34, 154.91
10890, 718.44, -125.67, 973.51, -68717.95, 6073.00, 15457.15, -110.40, -9.75, -166.17
10920, 626.65, -157.23, 964.42, -72822.57, 13565.06, 19187.93, -110.40, -9.75, -166.17
10950, 629.39, -162.17, 1053.53, -72463.99, 6538.39, 20828.25, -110.40, -9.75, -166.17
10980, 781.49, -114.69, 1190.37, -69076.54, -8232.12, 20629.88, -110.40, -9.77, -166.16
11010, 851.62, -70.43, 1228.70, -68367.01, -11909.48, 18089.29, 160.22, 2.27, -166.71
11040, 855.83, -63.60, 1192.63, -68489.08, -13427.73, 14419.56, 160.22, 2.27, -166.71
11070, 885.19, -67.69, 1166.81, -68603.52, -14854.43, 12916.56, 160.22, 2.27, -166.71
11100, 858.70, -87.34, 1064.76, -69076.54, -6034.85, 14236.45, 160.24, 2.23, -166.68
11130, 762.27, -123.66, 963.75, -69793.70, 7980.35, 15945.43, 113.40, 37.95, -124.22
11160, 676.09, -146.85, 931.40, -66925.05, 18173.22, 16143.80, 113.40, 37.95, -124.22
11190, 589.66, -119.38, 954.90, -63751.22, 18028.26, 20103.46, 113.40, 37.95, -124.22
11220, 586.24, -86.43, 1008.85, -63522.34, 6912.23, 24833.68, 113.43, 37.93, -124.17
11250, 684.57, -68.54, 1102.66, -64346.31, -7980.35, 26390.08, -27.59, 85.39, 155.01
11280, 836.55, -68.60, 1215.70, -64941.41, -18363.95, 26245.12, -27.59, 85.39, 155.01
11310, 890.50, -92.35, 1171.88, -65643.31, -21331.79, 24002.07, -27.59, 85.39, 155.01
11340, 883.73, -109.25, 1122.50, -64956.66, -16098.02, 17799.38, -27.72, 85.42, 154.91
11370, 838.87, -90.39, 1097.78, -65315.25, -13343.81, 14114.38, -104.17, 5.14, 173.46
11400, 863.53, -75.13, 1098.08, -68641.66, -13587.95, 15594.48, -104.17, 5.14, 173.46
11430, 876.34, -106.99, 1071.78, -74172.98, -6187.44, 19172.67, -104.17, 5.14, 173.46
11460, 776.43, -176.94, 970.09, -75134.28, 3944.40, 20530.70, -104.17, 5.14, 173.46
11490, 693.60, -220.40, 944.27, -71716.31, 5920.41, 19943.24, -104.17, 5.12, 173.46
11520, 723.88, -216.86, 988.40, -66329.95, 1258.85, 20233.15, -173.69, 0.15, 177.64
11550, 824.22, -200.07, 1045.59, -66467.28, 2189.64, 25131.23, -173.69, 0.15, 177.64
11580, 812.38, -229.55, 1039.31, -67092.90, 6355.29, 28846.74, -173.67, 0.11, 177.65
11610, 836.00, -244.75, 1095.76, -65170.29, 5081.18, 31944.28, 147.16, 19.41, -118.80
11640, 898.44, -254.58, 1148.32, -61180.11, 1449.58, 32310.49, 147.16, 19.41, -118.80
11670, 936.58, -248.60, 1181.03, -53047.18, -1205.44, 28663.63, 147.16, 19.41, -118.80
11700, 940.55, -195.92, 1142.94, -44364.93, 38.15, 22644.04, 147.16, 19.41, -118.80
11730, 868.41, -121.52, 1086.36, -41893.00, 7881.16, 19241.33, 147.17, 19.38, -118.77
11760, 702.45, -144.78, 955.93, -41625.98, 13626.10, 17311.10, 117.31, 75.22, -76.03
11790, 618.53, -135.07, 900.70, -40863.04, 1945.50, 19462.59, 117.31, 75.22, -76.03
11820, 716.37, -90.76, 944.82, -42488.10, -16952.52, 24269.10, 117.31, 75.22, -76.03
11850, 927.00, -54.57, 1035.83, -45829.77, -20561.22, 27839.66, 117.40, 75.19, -75.91
11880, 1030.64, -22.46, 1108.83, -50621.03, -2113.34, 28404.24, -85.53, 37.47, 145.49
11910, 905.82, 4.27, 1119.81, -56999.21, 17585.75, 24864.20, -85.53, 37.47, 145.49
11940, 807.31, -18.43, 1113.95, -62995.91, 18333.44, 21522.52, -85.53, 37.47, 145.49
11970, 775.15, -36.56, 1120.36, -68138.13, 9597.78, 17234.80, -85.55, 37.47, 145.47
12000, 744.02, -52.19, 1019.17, -69122.31, 1213.07, 12443.54, 131.50, 52.93, -83.49
12030, 687.87, -66.53, 901.98, -69725.04, 3288.27, 10086.06, 131.50, 52.93, -83.49
12060, 664.43, -53.34, 870.24, -70838.93, 7637.02, 11917.11, 131.50, 52.93, -83.49
12090, 654.30, -32.17, 915.53, -74440.00, 9384.16, 15495.30, 131.52, 52.89, -83.45
12120, 698.85, -57.07, 1045.41, -78704.84, 946.04, 20141.60, -124.54, 65.16, 79.57
12150, 882.14, -96.74, 1204.10, -76026.91, -8071.90, 21415.71, -124.54, 65.16, 79.57
12180, 930.18, -82.46, 1246.15, -67573.55, -6477.36, 19355.77, -124.54, 65.16, 79.57
12210, 903.50, -66.47, 1232.60, -59234.62, -8415.22, 17410.28, -124.62, 65.14, 79.50
12240, 928.04, -26.06, 1150.15, -54061.89, -9292.60, 17189.03, -170.64, -3.67, -139.63
12270, 816.65, -30.58, 979.37, -57098.39, 4776.00, 21812.44, -170.64, -3.67, -139.63
12300, 670.84, -79.10, 889.04, -63323.98, 14976.50, 25383.00, -170.64, -3.67, -139.63
12330, 573.61, -112.12, 880.80, -65666.20, 12939.45, 25375.37, -170.64, -3.69, -139.60
12360, 667.11, -89.23, 1016.17, -69374.09, -396.73, 27328.49, 88.43, 40.43, -140.21
12390, 830.32, -109.07, 1142.88, -73242.19, -7278.44, 28213.50, 88.43, 40.43, -140.21
12420, 843.69, -161.99, 1123.47, -71174.63, -1899.72, 27282.71, 88.43, 40.43, -140.21
12450, 805.42, -200.99, 1092.90, -62438.96, 419.62, 23246.77, 88.46, 40.42, -140.15
12480, 829.90, -158.75, 1072.75, -57807.92, 3761.29, 22377.01, -2.56, 72.67, 178.54
12510, 866.88, -135.19, 1126.34, -59738.16, 11001.59, 26741.03, -2.56, 72.67, 178.54
12540, 813.84, -171.51, 1081.12, -61187.74, 16609.19, 30845.64, -2.56, 72.67, 178.54
12570, 726.56, -183.59, 988.10, -62255.86, 17814.64, 32592.77, -2.55, 72.69, 178.58
12600, 693.12, -196.29, 972.53, -64262.39, 11070.25, 31661.99, -90.45, 8.86, 171.15
12630, 759.40, -197.88, 1091.37, -63995.36, -4081.73, 29777.53, -90.45, 8.86, 171.15
12660, 914.49, -175.17, 1216.43, -59333.80, -17204.29, 24826.05, -90.45, 8.86, 171.15
12690, 960.14, -163.33, 1150.27, -54824.83, -19851.68, 21873.47, -90.46, 8.85, 171.14
12720, 944.89, -200.38, 1050.29, -53047.18, -8872.99, 22590.64, -168.88, 4.99, 134.01
12750, 814.58, -159.00, 982.91, -51261.90, 1007.08, 22827.15, -168.88, 4.99, 134.01
12780, 786.32, -102.78, 997.56, -51460.27, -610.35, 21644.59, -168.88, 4.99, 134.01
12810, 855.65, -58.41, 1031.92, -54992.68, 5226.14, 20843.51, -168.88, 4.99, 134.01
12840, 755.49, -23.44, 989.01, -63438.41, 20324.71, 22193.91, -168.85, 4.97, 133.98
12870, 628.66, -49.38, 996.28, -74188.23, 20278.93, 23376.46, -88.54, -19.45, -161.21
12900, 667.48, -99.18, 1071.78, -78620.91, 2677.92, 21652.22, -88.54, -19.45, -161.21
12930, 784.18, -103.09, 1109.68, -76232.91, -8331.30, 18325.80, -88.54, -19.45, -161.21
12960, 896.06, -75.68, 1151.92, -75416.56, -8850.10, 17707.82, -88.56, -19.47, -161.20
12990, 918.70, -83.25, 1137.57, -73829.65, -442.50, 14823.91, -177.00, 1.14, 145.09
13020, 809.88, -87.83, 1038.94, -72982.79, 11413.57, 12161.25, -177.00, 1.14, 145.09
13050, 659.73, -99.91, 978.21, -73371.89, 18165.59, 11100.77, -177.00, 1.14, 145.09
13080, 566.04, -123.17, 961.49, -72372.44, 6752.01, 12069.70, -176.96, 1.12, 145.07
13110, 663.27, -101.38, 1023.25, -69007.88, -15792.85, 15914.92, -124.26, -23.46, -137.59
13140, 895.20, -72.81, 1130.68, -68176.27, -22766.11, 20309.45, -124.26, -23.46, -137.59
13170, 945.56, -90.70, 1135.62, -65666.20, -10849.00, 19882.20, -124.26, -23.46, -137.59
13200, 844.73, -109.01, 1083.80, -59928.89, 122.07, 18432.62, -124.28, -23.48, -137.58
13230, 793.52, -81.05, 1068.60, -59425.36, -2922.06, 22087.10, 147.09, 6.22, -158.79
13260, 890.87, -65.92, 1131.29, -62873.84, -4096.98, 26962.28, 147.09, 6.22, -158.79
13290, 924.93, -92.83, 1136.60, -67062.38, 3807.07, 29487.61, 147.09, 6.22, -158.79
13320, 843.75, -133.18, 1077.82, -69541.93, 15602.11, 28839.11, 147.10, 6.19, -158.75
13350, 674.19, -194.21, 959.59, -71243.29, 27694.70, 27214.05, 83.54, 43.85, -140.08
13380, 514.53, -252.93, 920.78, -69519.05, 24871.83, 26130.68, 83.54, 43.85, -140.08
13410, 537.90, -268.13, 973.45, -66070.55, 2700.81, 29556.27, 83.54, 43.85, -140.08
13440, 760.99, -259.83, 1104.86, -61050.41, -17776.49, 33782.96, 83.54, 43.85, -140.08
13470, 972.60, -212.65, 1180.97, -56770.32, -14091.49, 36537.17, 83.57, 43.84, -140.02
13500, 964.23, -213.20, 1195.01, -55809.02, -419.62, 37719.73, -11.82, 69.26, 172.22
13530, 890.32, -239.81, 1169.07, -53153.99, 5409.24, 36956.79, -11.82, 69.26, 172.22
13560, 854.68, -211.12, 1141.11, -49385.07, 4821.78, 33309.94, -11.82, 69.26, 172.22
13590, 831.18, -217.71, 1079.83, -48507.69, 5012.51, 27297.97, -11.83, 69.29, 172.24
13620, 781.68, -217.16, 1026.55, -47874.45, 5256.65, 21247.86, -88.57, 3.85, 176.28
13650, 731.45, -172.97, 987.24, -45829.77, 4409.79, 14114.38, -88.57, 3.85, 176.28
13680, 702.88, -138.43, 952.76, -47653.20, 3906.25, 10734.56, -88.57, 3.85, 176.28
13710, 695.19, -120.30, 981.26, -50163.27, 1129.15, 11108.40, -88.57, 3.83, 176.28
13740, 747.31, -91.92, 1030.94, -53680.42, -6019.59, 14610.29, -164.96, 7.18, 130.90
13770, 840.45, -79.35, 1089.42, -55976.87, -8796.69, 17539.98, -164.96, 7.18, 130.90
13800, 885.56, -80.93, 1111.45, -56838.99, 762.94, 18325.80, -164.96, 7.18, 130.90
13830, 845.70, -55.42, 1108.76, -59463.50, 6477.36, 19927.98, -164.93, 7.17, 130.87
13860, 789.73, -63.23, 1074.22, -61058.04, 8056.64, 19721.98, -83.74, -13.14, -168.33
13890, 720.40, -59.39, 1002.69, -63262.94, 5363.46, 19371.03, -83.74, -13.14, -168.33
13920, 770.14, -53.47, 1023.56, -66055.30, 2746.58, 17967.22, -83.74, -13.14, -168.33
13950, 773.86, -60.67, 1022.89, -67749.02, 6546.02, 14617.92, -83.75, -13.16, -168.33
13980, 724.06, -67.75, 1045.35, -67207.34, 5516.05, 11886.60, -179.90, 0.30, 133.94
14010, 739.93, -53.77, 1042.85, -65887.45, 3082.28, 11032.10, -179.90, 0.30, 133.94
14040, 734.92, -36.07, 1055.24, -68077.09, -831.60, 14221.19, -179.90, 0.30, 133.94
14070, 742.55, -72.39, 1057.25, -68656.92, -7324.22, 17684.94, -179.90, 0.30, 133.94
14100, 815.25, -78.74, 1123.66, -62858.58, -19081.12, 19393.92, -179.87, 0.28, 133.91
14130, 984.38, -31.74, 1153.44, -58792.11, -20523.07, 22293.09, -102.18, -15.15, -161.48
14160, 965.39, -27.83, 1054.57, -61538.70, 3410.34, 24185.18, -102.18, -15.15, -161.48
14190, 756.35, -82.89, 1002.14, -64262.39, 19828.80, 22071.84, -102.18, -15.15, -161.48
14220, 639.40, -95.46, 983.64, -64735.41, 13198.85, 21224.98, -102.19, -15.17, -161.47
14250, 701.54, -75.26, 1025.82, -67924.50, -1419.07, 22987.37, 165.26, -1.79, 165.60
14280, 813.72, -103.33, 1085.08, -72204.59, -5775.45, 24948.12, 165.26, -1.79, 165.60
14310, 819.70, -168.64, 1053.77, -72456.36, -1205.44, 24238.59, 165.26, -1.79, 165.60
14340, 772.89, -210.94, 989.20, -70388.80, 5233.76, 25016.79, 165.29, -1.82, 165.61
14370, 728.09, -225.89, 981.02, -69564.82, 8102.42, 28327.94, 153.97, 12.59, -127.93
14400, 796.69, -228.03, 1100.22, -66894.53, 854.49, 32554.63, 153.97, 12.59, -127.93
14430, 924.87, -208.68, 1197.45, -62713.63, -3257.75, 33020.02, 153.97, 12.59, -127.93
14460, 999.69, -174.01, 1213.56, -61286.93, 5523.68, 30975.34, 153.98, 12.57, -127.90
14490, 872.25, -174.44, 1111.51, -63247.68, 22422.79, 25108.34, 85.98, 62.88, -120.15
14520, 700.81, -215.33, 1036.19, -64064.03, 29556.27, 19927.98, 85.98, 62.88, -120.15
14550, 591.55, -224.30, 1022.22, -62294.01, 14350.89, 17677.31, 85.98, 62.88, -120.15
14580, 670.47, -218.20, 1044.62, -55946.35, -9269.71, 16960.14, 86.04, 62.86, -120.06
14610, 843.81, -158.08, 1081.30, -52467.35, -16151.43, 17944.34, -71.30, 58.06, 137.00
14640, 891.78, -107.48, 1119.38, -52268.98, -7156.37, 17539.98, -71.30, 58.06, 137.00
14670, 851.38, -138.31, 1066.53, -53657.53, 4508.97, 15892.03, -71.30, 58.06, 137.00
14700, 738.40, -98.82, 1051.39, -53932.19, 10078.43, 14137.27, -71.35, 58.07, 136.96
14730, 697.51, -45.96, 1078.13, -54054.26, 3593.44, 14495.85, -174.35, -3.36, -123.47
14760, 745.36, -16.42, 1095.15, -57136.54, -5470.28, 18035.89, -174.35, -3.36, -123.47
14790, 797.42, -24.60, 1066.65, -60546.88, -6210.33, 19546.51, -174.35, -3.36, -123.47
14820, 763.12, -51.33, 997.44, -61561.59, 1144.41, 18028.26, -174.35, -3.38, -123.45
14850, 742.86, -35.83, 999.21, -62477.11, 7041.93, 16304.02, 102.35, 48.97, -120.48
14880, 716.19, -18.68, 1027.47, -66619.88, 8903.50, 16563.42, 102.35, 48.97, -120.48
14910, 730.04, -22.52, 1071.96, -69679.26, 3204.35, 16830.45, 102.35, 48.97, -120.48
14940, 808.41, 5.31, 1122.13, -69847.11, -2716.06, 16586.30, 102.35, 48.97, -120.48
14970, 842.65, 7.81, 1108.58, -73463.44, 3532.41, 20042.42, 102.38, 48.95, -120.43
15000, 767.03, -65.49, 1083.19, -75828.55, 12878.42, 23117.07, -54.40, 80.20, 133.72
