30, 416.20, 32.78, 1204.41, -57250.98, 17524.72, 42617.80, -170.28, 51.03, 21.41
60, 377.01, 28.26, 1197.63, -56488.04, 8468.63, 41496.28, -125.34, -15.20, -151.41
90, 422.61, -66.22, 1189.09, -51582.34, 7400.51, 37780.76, -125.34, -15.20, -151.41
120, 476.68, -31.74, 1189.64, -42671.20, 8010.86, 35079.96, -125.34, -15.20, -151.41
150, 477.29, 118.84, 1086.43, -42045.59, 9414.67, 29403.69, -125.34, -15.23, -151.39
180, 390.63, 227.11, 1054.75, -56213.38, 5165.10, 12626.65, 152.47, 16.92, -116.36
210, 347.78, 244.51, 1096.86, -72433.47, -6889.34, -732.42, 152.47, 16.92, -116.36
240, 401.31, 152.59, 1122.07, -81901.55, -17906.19, -11856.08, 152.47, 16.92, -116.36
270, 456.36, 203.55, 1111.39, -88409.42, -22583.01, -21705.63, 152.47, 16.92, -116.36
300, 488.65, 213.07, 1157.47, -96237.18, -26374.82, -31448.36, 152.47, 16.88, -116.33
330, 563.78, 121.03, 1121.03, -101066.59, -20584.11, -39848.33, 144.33, 56.63, -60.82
360, 524.90, 117.74, 1152.40, -103141.78, -15914.92, -41244.51, 144.33, 56.63, -60.82
390, 465.70, 70.25, 1151.31, -101905.82, -12702.94, -37147.52, 144.33, 56.63, -60.82
420, 421.75, 48.95, 1116.46, -101425.17, -13107.30, -34729.00, 144.33, 56.63, -60.82
450, 399.54, -5.55, 1168.03, -100173.95, -18173.22, -30677.79, 144.33, 56.63, -60.82
480, 414.49, 28.44, 1208.92, -98579.41, -23841.86, -27000.43, 144.34, 56.62, -60.77
510, 474.79, -1.59, 1229.37, -96076.97, -29350.28, -21896.36, -40.98, 26.83, 169.96
540, 441.83, -28.75, 1155.46, -92063.91, -31166.08, -22064.21, -40.98, 26.83, 169.96
570, 464.05, -5.74, 1102.48, -89324.95, -41946.41, -20004.27, -40.98, 26.83, 169.96
600, 467.29, 0.12, 1161.74, -89767.45, -46493.53, -16181.95, -40.98, 26.83, 169.96
630, 495.79, -24.84, 1083.92, -92933.66, -49133.30, -10154.72, -40.99, 26.84, 169.95
660, 516.66, -101.44, 1044.86, -96206.66, -43563.84, -4707.34, 147.37, 41.46, -74.35
690, 503.72, -157.59, 994.93, -95214.84, -32196.04, -3273.01, 147.37, 41.46, -74.35
720, 474.00, -168.52, 1108.22, -91926.58, -23880.00, -2067.57, 147.37, 41.46, -74.35
750, 554.87, -140.93, 1177.43, -89996.34, -21400.45, 1159.67, 147.37, 41.46, -74.35
780, 585.82, -153.75, 1238.28, -91484.07, -19721.98, 1998.90, 147.36, 41.42, -74.31
810, 618.41, -207.21, 1236.88, -87829.59, -17272.95, -1052.86, -43.08, 78.40, 144.80
840, 620.30, -193.79, 1292.30, -81138.61, -18966.68, -5340.58, -43.08, 78.40, 144.80
870, 630.13, -168.52, 1208.80, -75263.98, -21156.31, -10322.57, -43.08, 78.40, 144.80
900, 612.61, -169.49, 1163.57, -71144.10, -21835.33, -15258.79, -43.08, 78.40, 144.80
930, 586.06, -172.55, 1124.82, -69122.31, -19744.87, -17509.46, -43.08, 78.40, 144.80
960, 571.35, -188.60, 1039.06, -70716.86, -19950.87, -14739.99, -43.19, 78.42, 144.70
990, 535.28, -234.80, 995.85, -71098.33, -22750.86, -9979.25, -130.32, -13.66, -151.37
1020, 542.97, -225.59, 1020.26, -68183.90, -26657.11, -9132.38, -130.32, -13.66, -151.37
1050, 597.78, -189.39, 1077.03, -64552.31, -32142.64, -9521.48, -130.32, -13.66, -151.37
1080, 632.51, -144.90, 1097.23, -60997.01, -33584.59, -10467.53, -130.32, -13.66, -151.37
1110, 642.15, -71.29, 1155.33, -57189.94, -29998.78, -14335.63, -130.31, -13.70, -151.36
1140, 668.95, -37.35, 1242.31, -59143.07, -28114.32, -12298.58, 143.44, 25.52, -110.24
1170, 760.13, -36.68, 1289.61, -59364.32, -28099.06, -7919.31, 143.44, 25.52, -110.24
1200, 762.21, -44.68, 1228.82, -56694.03, -21133.42, -5447.39, 143.44, 25.52, -110.24
1230, 605.77, -74.40, 1036.50, -55122.38, -1136.78, 4486.08, 143.44, 25.48, -110.20
1260, 648.80, -70.37, 1139.95, -53245.54, -3379.82, 11573.79, 112.10, 70.68, -86.41
1290, 683.59, -80.14, 1084.53, -53741.45, 1495.36, 19386.29, 112.10, 70.68, -86.41
1320, 654.05, -98.02, 1078.19, -57388.30, 6362.92, 26283.26, 112.10, 70.68, -86.41
1350, 676.64, -114.56, 1080.81, -60691.83, 10871.89, 30677.79, 112.10, 70.68, -86.41
1380, 687.68, -127.87, 1097.60, -62194.82, 17189.03, 30830.38, 112.14, 70.68, -86.33
1410, 663.09, -121.28, 1090.94, -62873.84, 25802.61, 24078.37, -38.63, 4.45, 178.46
1440, 632.08, -122.31, 1073.55, -62675.48, 28999.33, 17211.91, -38.63, 4.45, 178.46
1470, 568.36, -136.60, 1022.58, -60081.48, 32020.57, 7125.85, -38.63, 4.45, 178.46
1500, 582.95, -113.89, 1113.83, -57014.46, 26977.54, 5065.92, -38.63, 4.45, 178.46
1530, 668.03, -68.91, 1198.43, -53833.01, 19630.43, 7003.78, -38.63, 4.45, 178.46
1560, 707.09, -39.06, 1241.52, -50888.06, 13954.16, 11535.64, -38.65, 4.44, 178.46
1590, 732.85, -11.05, 1240.36, -46844.48, 3532.41, 19081.12, -179.07, 1.28, 100.28
1620, 808.35, 18.49, 1328.13, -43952.94, -5317.69, 22987.37, -179.07, 1.28, 100.28
1650, 788.88, 27.22, 1170.78, -39352.42, -7217.41, 22888.18, -179.07, 1.28, 100.28
1680, 711.61, 35.52, 1057.01, -38032.53, -5424.50, 20805.36, -179.07, 1.28, 100.28
1710, 672.67, 58.47, 1011.78, -40084.84, -6248.47, 19630.43, -179.06, 1.29, 100.23
1740, 650.21, 31.43, 943.18, -46737.67, -6225.59, 20835.88, -28.59, -23.94, -173.94
1770, 654.79, 27.53, 963.07, -49850.46, -4249.57, 22041.32, -28.59, -23.94, -173.94
1800, 661.80, 41.50, 997.25, -51994.32, -1907.35, 20927.43, -28.59, -23.94, -173.94
1830, 621.58, 58.47, 989.14, -56335.45, 3150.94, 17982.48, -28.59, -23.94, -173.94
1860, 603.15, 67.02, 1034.36, -61531.07, 3929.14, 18707.28, -28.61, -23.96, -173.93
1890, 586.00, 33.87, 1074.16, -68107.60, 1243.59, 19935.61, -178.20, 2.36, 90.78
1920, 589.23, 22.58, 1151.73, -69648.74, -3997.80, 19798.28, -178.20, 2.36, 90.78
1950, 611.39, 0.85, 1194.76, -69564.82, -12992.86, 20233.15, -178.20, 2.36, 90.78
1980, 670.65, -6.23, 1253.72, -67230.23, -24002.07, 22178.65, -178.20, 2.36, 90.78
2010, 773.56, 10.62, 1263.43, -67039.49, -28358.46, 26458.74, -178.20, 2.36, 90.78
2040, 771.12, -16.24, 1183.04, -68756.10, -23132.32, 29769.90, -178.19, 2.37, 90.73
2070, 728.58, -51.45, 1064.45, -72563.17, -14030.46, 33660.89, -16.53, -15.21, -177.85
2100, 680.85, -95.03, 976.56, -75317.38, -8636.47, 35697.94, -16.53, -15.21, -177.85
2130, 673.65, -132.75, 984.68, -75462.34, -5699.16, 36071.78, -16.53, -15.21, -177.85
2160, 687.68, -156.07, 976.01, -72494.51, -1762.39, 33866.88, -16.53, -15.21, -177.85
2190, 673.40, -170.90, 956.42, -65422.06, 5325.32, 27008.06, -16.56, -15.23, -177.84
2220, 629.52, -164.31, 923.03, -58670.04, 8445.74, 22102.36, 164.35, -20.64, 71.95
2250, 646.30, -149.66, 1016.48, -53878.79, 4592.90, 21224.98, 164.35, -20.64, 71.95
2280, 711.00, -114.69, 1074.04, -48385.62, 518.80, 20874.02, 164.35, -20.64, 71.95
2310, 760.93, -63.84, 1180.54, -44776.92, -5210.88, 21987.91, 164.35, -20.64, 71.95
2340, 805.73, -23.93, 1144.90, -44479.37, -9712.22, 24696.35, 164.35, -20.64, 71.95
2370, 797.12, -29.54, 1134.28, -46722.41, -13580.32, 29174.80, 164.37, -20.62, 71.91
2400, 843.51, -30.27, 1146.91, -49232.48, -18997.19, 30944.82, -48.85, -29.50, -166.54
2430, 854.37, -47.00, 1121.22, -51055.91, -21514.89, 30426.03, -48.85, -29.50, -166.54
2460, 831.79, -77.70, 1046.08, -53298.95, -21698.00, 30250.55, -48.85, -29.50, -166.54
2490, 805.73, -112.92, 1009.77, -55099.49, -21415.71, 30799.87, -48.85, -29.50, -166.54
2520, 807.13, -141.72, 1030.82, -54870.61, -23010.25, 30349.73, -48.88, -29.52, -166.52
2550, 820.56, -157.35, 1004.64, -50682.07, -24024.96, 26557.92, 166.40, -8.67, 112.77
2580, 845.76, -141.30, 1020.32, -47874.45, -23193.36, 24192.81, 166.40, -8.67, 112.77
2610, 870.24, -118.10, 1057.37, -45394.90, -21522.52, 21820.07, 166.40, -8.67, 112.77
2640, 881.23, -91.13, 1030.33, -43380.74, -18196.11, 18821.72, 166.40, -8.67, 112.77
2670, 877.32, -69.76, 1040.59, -43708.80, -13969.42, 17654.42, 166.40, -8.67, 112.77
2700, 904.60, -55.85, 1068.85, -44692.99, -9635.93, 16609.19, 166.43, -8.67, 112.72
2730, 890.63, -53.41, 1084.72, -43777.46, -846.86, 11634.83, -55.16, -18.01, -170.65
2760, 869.63, -40.28, 1080.81, -42182.92, 4035.95, 8316.04, -55.16, -18.01, -170.65
2790, 846.19, -21.55, 1110.41, -40924.07, 5676.27, 5378.72, -55.16, -18.01, -170.65
2820, 848.88, -7.39, 1071.90, -39558.41, 6729.13, 2311.71, -55.16, -18.01, -170.65
2850, 847.78, 1.28, 1062.19, -39321.90, 9803.77, 617.98, -55.16, -18.01, -170.65
2880, 837.71, 7.93, 977.42, -40710.45, 19348.14, -885.01, -55.17, -18.03, -170.64
2910, 632.51, 10.74, 807.56, -52635.19, 50361.63, 373.84, 178.66, -0.27, 140.21
2940, 563.29, 16.97, 906.86, -64041.14, 51635.74, 7278.44, 178.66, -0.27, 140.21
2970, 579.65, 17.88, 1024.60, -72509.77, 36506.65, 12794.49, 178.69, -0.28, 140.18
3000, 700.01, 73.36, 1216.67, -74546.81, 19104.00, 14816.28, -94.69, -31.96, -145.79
3030, 783.57, 102.78, 1336.12, -75096.13, 6324.77, 12847.90, -94.69, -31.96, -145.79
3060, 886.47, 98.88, 1360.84, -72776.80, -1663.21, 6149.29, -94.69, -31.96, -145.79
3090, 807.37, 81.85, 1269.23, -70976.26, 4096.98, -366.21, -94.69, -31.96, -145.79
3120, 622.80, 18.68, 1054.57, -73036.20, 10536.19, -1190.19, -94.70, -31.98, -145.78
3150, 505.43, -18.37, 1000.24, -71586.61, 7072.45, -2784.73, 139.69, 7.11, -160.51
3180, 451.66, -34.97, 954.16, -64445.50, 2929.69, -5462.65, 139.69, 7.11, -160.51
3210, 447.33, 2.93, 1047.06, -57983.40, -11611.94, -1113.89, 139.69, 7.11, -160.51
3240, 657.23, 52.80, 1134.22, -51147.46, -32058.71, 3929.14, 139.70, 7.07, -160.47
3270, 780.03, 101.07, 1077.94, -40596.01, -35018.92, 4745.48, 111.04, 31.55, -134.84
3300, 756.29, 202.09, 1086.73, -35362.24, -18264.77, 7522.58, 111.04, 31.55, -134.84
3330, 673.10, 244.57, 974.49, -37796.02, -4409.79, 11459.35, 111.04, 31.55, -134.84
3360, 579.10, 265.20, 939.64, -45616.15, -91.55, 18470.76, 111.05, 31.53, -134.80
3390, 586.79, 224.49, 934.94, -59486.39, -1800.54, 30662.54, 47.69, 45.88, -158.53
3420, 659.55, 153.32, 988.46, -71136.48, -2738.95, 41679.38, 47.69, 45.88, -158.53
3450, 728.64, 108.22, 1109.99, -74264.52, -3005.98, 42655.95, 47.69, 45.88, -158.53
3480, 723.33, 71.59, 1104.86, -71876.52, 4814.15, 36437.99, 47.68, 45.89, -158.50
3510, 655.21, 78.43, 1074.65, -70198.06, 2944.95, 33126.83, -14.05, -37.28, -175.44
3540, 718.57, 84.66, 1179.57, -67749.02, -6828.31, 28305.05, -14.05, -37.28, -175.44
3570, 809.02, 88.26, 1078.74, -66215.52, 740.05, 26687.62, -14.05, -37.28, -175.44
3600, 685.73, 72.63, 1044.92, -72868.34, 30471.80, 31578.06, -14.09, -37.30, -175.43
3630, 605.65, 57.07, 1122.38, -78300.48, 34866.33, 34347.54, -165.06, 21.03, 72.61
3660, 547.42, 1.40, 1106.32, -79452.52, 27336.12, 34011.84, -165.06, 21.03, 72.61
3690, 481.02, -52.92, 1033.45, -79238.89, 14900.21, 33706.66, -165.06, 21.03, 72.61
3720, 555.73, -61.46, 1120.06, -78231.81, -8377.08, 32180.79, -165.06, 21.03, 72.61
3750, 748.90, -64.88, 1181.95, -73860.17, -17555.24, 24597.17, -165.07, 21.01, 72.57
3780, 795.10, -52.61, 1139.83, -72479.25, -6073.00, 18180.85, 47.44, 29.44, -166.65
3810, 682.07, -85.39, 1060.49, -72715.76, 1647.95, 13298.04, 47.44, 29.44, -166.65
3840, 710.45, -79.65, 1089.84, -71319.58, 2075.20, 9269.71, 47.44, 29.44, -166.65
3870, 643.43, -69.82, 1113.04, -71762.09, 7278.44, 6935.12, 47.43, 29.44, -166.62
3900, 652.34, -65.37, 1181.27, -71899.41, 3013.61, 4905.70, 14.74, -42.78, 173.96
3930, 712.10, -50.23, 1224.55, -67459.11, -9956.36, 488.28, 14.74, -42.78, 173.96
3960, 737.79, -30.33, 1208.31, -62919.62, -16235.35, -3303.53, 14.74, -42.78, 173.96
3990, 709.17, -8.97, 1179.57, -61546.32, -17784.12, -4188.54, 14.70, -42.80, 173.98
4020, 687.01, -27.47, 1080.75, -58532.71, -18508.91, -6156.92, -168.98, 22.60, 53.89
4050, 636.84, -10.86, 1005.92, -57518.00, -10856.63, -4974.37, -168.98, 22.60, 53.89
4080, 563.05, 16.05, 991.94, -63995.36, -2204.90, 3135.68, -168.98, 22.60, 53.89
4110, 594.97, -4.46, 1011.41, -71739.20, -5516.05, 8407.59, -168.99, 22.58, 53.86
4140, 643.37, -26.31, 1071.78, -72227.48, -6401.06, 4852.29, 87.33, 31.86, -149.22
4170, 708.31, 26.31, 1157.47, -71510.31, -1640.32, 419.62, 87.33, 31.86, -149.22
4200, 711.18, 40.04, 1146.85, -74783.33, 7186.89, -2433.78, 87.33, 31.86, -149.22
4230, 586.06, 5.43, 1034.18, -78056.34, 12886.05, -2342.22, 87.33, 31.84, -149.18
4260, 481.63, -3.42, 1049.26, -76492.31, 480.65, -465.39, 22.82, 9.81, -177.97
4290, 725.83, 59.39, 1130.37, -69229.13, -20240.78, -1525.88, 22.82, 9.81, -177.97
4320, 842.77, 128.48, 1126.65, -69404.60, -5241.39, 3425.60, 22.82, 9.81, -177.97
4350, 668.88, 79.10, 1090.27, -76026.91, 23490.91, 12901.31, 22.82, 9.81, -177.97
4380, 553.53, 30.76, 1021.42, -74928.28, 27000.43, 17272.95, 22.80, 9.80, -177.96
4410, 489.44, 64.33, 1046.14, -71601.87, 17234.80, 22377.01, 159.66, -54.13, 37.62
4440, 554.26, 73.43, 1121.22, -70175.17, 7469.18, 27999.88, 159.66, -54.13, 37.62
4470, 704.10, 109.25, 1197.63, -66185.00, -6904.60, 31806.95, 159.66, -54.13, 37.62
4500, 796.14, 110.17, 1179.87, -64704.89, -14022.83, 35171.51, 159.67, -54.12, 37.59
4530, 759.64, 78.61, 1083.44, -66154.48, -5783.08, 37734.98, -42.94, -22.55, -171.16
4560, 606.75, 13.61, 939.82, -68901.06, 2998.35, 39741.52, -42.94, -22.55, -171.16
4590, 554.63, -3.30, 937.44, -69717.41, 144.96, 40649.41, -42.94, -22.55, -171.16
4620, 607.36, -7.87, 1023.86, -70236.20, -2830.51, 41526.79, -42.96, -22.57, -171.15
4650, 634.83, -26.73, 1098.57, -70655.82, -2754.21, 42091.37, 173.38, -3.73, 116.44
4680, 633.12, -60.73, 1073.43, -69725.04, -846.86, 40237.43, 173.38, -3.73, 116.44
4710, 614.62, -69.27, 1036.74, -68656.92, -3028.87, 35568.24, 173.38, -3.73, 116.44
4740, 676.15, -103.52, 1042.66, -63812.26, -6019.59, 22651.67, 173.41, -3.73, 116.40
4770, 765.87, -43.82, 1169.43, -61035.16, -6156.92, 18318.18, -55.55, -24.43, -167.15
4800, 814.15, -31.31, 1173.89, -62042.23, -1365.66, 15510.56, -55.55, -24.43, -167.15
4830, 695.62, -74.40, 1017.03, -65063.48, 9765.63, 15098.57, -55.55, -24.43, -167.15
4860, 624.15, -84.90, 1133.91, -69252.02, 11993.41, 18692.02, -55.56, -24.45, -167.14
4890, 694.58, -89.36, 1253.36, -68206.79, -2723.69, 20774.84, 162.29, -5.53, 144.42
4920, 814.33, -66.77, 1300.84, -63568.12, -21903.99, 19439.70, 162.29, -5.53, 144.42
4950, 849.55, -50.72, 1167.36, -62667.85, -20660.40, 16639.71, 162.29, -5.53, 144.42
4980, 799.32, -92.22, 1064.70, -64384.46, -68.66, 13702.39, 162.32, -5.55, 144.39
5010, 713.44, -109.13, 1050.84, -64872.74, 24597.17, 12161.25, -126.62, -14.89, -151.19
5040, 510.62, -129.52, 981.81, -62759.40, 28846.74, 12672.42, -126.62, -14.89, -151.19
5070, 425.48, -103.58, 982.54, -60142.52, 13977.05, 15678.41, -126.62, -14.89, -151.19
5100, 565.61, -42.97, 1091.13, -61004.64, -5325.32, 21873.47, -126.62, -14.93, -151.17
5130, 723.45, -26.31, 1163.51, -61767.58, -16990.66, 25680.54, 144.52, 20.04, -121.35
5160, 770.94, -30.15, 1140.75, -61630.25, -11138.92, 25726.32, 144.52, 20.04, -121.35
5190, 795.47, 4.03, 1238.65, -61882.02, -10040.28, 23307.80, 144.52, 20.04, -121.35
5220, 853.52, 4.82, 1294.68, -55656.43, -13961.79, 15914.92, 144.52, 19.99, -121.31
5250, 847.96, 49.07, 1190.80, -50071.71, -7026.67, 9468.08, 123.68, 57.39, -88.02
5280, 642.52, 44.25, 919.92, -50712.59, 15777.59, 5752.56, 123.68, 57.39, -88.02
5310, 408.51, 34.61, 766.24, -55427.55, 34118.65, 7453.92, 123.68, 57.39, -88.02
5340, 282.71, 59.69, 771.30, -64765.93, 27351.38, 17463.68, 123.68, 57.39, -88.02
5370, 428.77, 74.95, 936.40, -73707.58, 11077.88, 26916.50, 123.70, 57.39, -87.96
5400, 704.77, 96.19, 1267.40, -79330.45, 1998.90, 32684.33, -22.87, 21.01, 175.81
5430, 816.28, 53.22, 1374.08, -78636.17, 5081.18, 31379.70, -22.87, 21.01, 175.81
5460, 808.11, 38.70, 1350.71, -69389.34, 2464.29, 23620.61, -22.87, 21.01, 175.81
5490, 726.32, 41.20, 1193.91, -61187.74, -22.89, 15846.25, -22.89, 21.01, 175.80
5520, 692.93, 66.89, 1122.50, -58113.10, -152.59, 15151.98, 177.51, -12.32, 17.48
5550, 717.47, 82.40, 1083.31, -62080.38, 3936.77, 19821.17, 177.51, -12.32, 17.48
5580, 575.62, 5.74, 932.98, -70938.11, 18646.24, 28320.31, 177.51, -12.32, 17.48
5610, 475.40, -86.12, 900.02, -75119.02, 22850.04, 32630.92, 177.49, -12.30, 17.47
5640, 435.61, -127.69, 890.01, -72372.44, 14236.45, 32173.16, -144.41, -40.50, -83.00
5670, 546.75, -113.71, 1015.01, -65437.32, -4104.61, 30540.47, -144.41, -40.50, -83.00
5700, 720.15, -41.20, 1167.72, -61088.56, -15823.36, 28953.55, -144.41, -40.50, -83.00
5730, 806.82, -25.82, 1260.86, -61119.08, -17135.62, 25833.13, -144.43, -40.52, -83.00
5760, 833.56, -26.25, 1262.76, -58074.95, -11863.71, 21461.49, -168.39, -33.74, -38.77
5790, 775.27, 0.79, 1201.66, -59379.58, 564.58, 19851.68, -168.39, -33.74, -38.77
5820, 642.58, -65.19, 1163.33, -71617.13, 10528.56, 27420.04, -168.39, -33.74, -38.77
5850, 619.93, -152.89, 1058.29, -73196.41, 10177.61, 28648.38, -168.42, -33.76, -38.77
5880, 515.01, -185.49, 973.94, -69709.78, 9872.44, 23391.72, -156.87, -72.62, -31.87
5910, 539.49, -167.72, 1064.82, -67161.56, 3517.15, 20828.25, -156.87, -72.62, -31.87
5940, 671.57, -123.47, 1160.58, -63522.34, -6927.49, 18379.21, -156.87, -72.62, -31.87
5970, 714.17, -83.98, 1113.28, -59570.31, -9223.94, 13847.35, -156.87, -72.62, -31.90
6000, 705.32, -40.10, 1247.80, -61470.03, -4638.67, 13763.43, -27.44, 4.17, 179.01
6030, 799.50, -8.67, 1320.62, -59898.38, -6050.11, 12039.18, -27.44, 4.17, 179.01
6060, 735.41, 12.63, 1178.59, -58761.60, 4089.36, 8682.25, -27.44, 4.17, 179.01
6090, 592.22, 25.94, 1070.68, -63476.56, 12649.54, 9918.21, -27.46, 4.16, 179.01
6120, 554.63, 24.84, 1049.56, -66413.88, 5676.27, 8056.64, 176.65, -4.68, 60.97
6150, 453.19, -14.34, 883.12, -66696.16, 7736.21, 6515.50, 176.65, -4.68, 60.97
6180, 473.27, 42.30, 1023.13, -67611.70, -5546.57, 13572.69, 176.65, -4.68, 60.97
6210, 737.85, 63.78, 1068.36, -70281.98, -15876.77, 18615.72, 176.65, -4.68, 60.97
6240, 857.06, 65.19, 1332.46, -67024.23, -4425.05, 21179.20, 176.65, -4.67, 60.94
6270, 814.58, 100.28, 1216.80, -65170.29, 20011.90, 20843.51, -40.71, -32.04, -168.02
6300, 452.33, -4.39, 1054.50, -65124.51, 30723.57, 20584.11, -40.71, -32.04, -168.02
6330, 459.96, 9.09, 1080.38, -52513.12, 3227.23, 15312.20, -40.71, -32.04, -168.02
6360, 613.65, 120.54, 1193.79, -44204.71, -12924.19, 16975.40, -40.73, -32.06, -168.01
6390, 801.09, 170.10, 1127.69, -54290.77, -2555.85, 28625.49, -169.70, 5.15, 129.49
6420, 575.20, 30.82, 1050.17, -66352.84, 21392.82, 34568.79, -169.70, 5.15, 129.49
6450, 608.46, -17.40, 1394.96, -57929.99, -12672.42, 31044.01, -169.67, 5.16, 129.45
6480, 740.48, -26.73, 1315.06, -53924.56, -26092.53, 29640.20, -59.52, -37.83, -158.08
6510, 951.90, 4.70, 1264.10, -54565.43, -16036.99, 22407.53, -59.52, -37.83, -158.08
6540, 677.00, -81.97, 980.65, -58952.33, 28434.75, 17807.01, -59.52, -37.83, -158.08
6570, 309.51, -125.73, 942.99, -59974.67, 33798.22, 19577.03, -59.52, -37.83, -158.08
6600, 277.22, -104.13, 1031.19, -60813.90, -9506.23, 27030.95, -59.55, -37.84, -158.06
6630, 632.45, -82.03, 1078.49, -64292.91, -27709.96, 30265.81, 158.70, -6.25, 146.68
6660, 711.30, -122.07, 1109.74, -68733.22, -7.63, 28869.63, 158.70, -6.25, 146.68
6690, 630.68, -131.35, 1128.48, -64498.90, 6950.38, 26649.47, 158.70, -6.25, 146.68
6720, 602.23, -80.44, 1193.48, -61950.68, -6484.99, 23231.51, 158.73, -6.27, 146.66
6750, 796.39, -58.11, 1274.96, -57571.41, -25642.39, 18791.20, -126.19, -14.78, -151.65
6780, 888.24, 12.70, 1199.52, -51811.22, -20347.60, 14778.14, -126.19, -14.78, -151.65
6810, 750.92, 52.73, 1035.52, -61882.02, 15220.64, 17219.54, -126.19, -14.78, -151.65
6840, 498.96, 23.56, 1089.60, -74333.19, 28465.27, 17929.08, -126.19, -14.82, -151.63
6870, 507.02, -24.60, 1148.86, -77835.09, 4341.13, 15838.62, 138.88, 21.99, -124.52
6900, 628.91, -36.01, 1158.02, -67916.87, -8888.24, 5989.07, 138.88, 21.99, -124.52
6930, 602.97, 47.55, 1007.75, -61119.08, 4165.65, 1815.80, 138.88, 21.99, -124.52
6960, 479.80, 112.30, 1001.34, -69465.64, 20599.37, 10032.65, 138.88, 21.95, -124.49
6990, 489.69, 101.99, 1125.55, -78079.23, 14862.06, 17784.12, 93.31, 59.59, -117.00
7020, 613.16, 80.20, 1279.85, -76187.13, -3753.66, 21598.82, 93.31, 59.59, -117.00
7050, 678.04, 66.77, 1193.36, -71075.44, -12069.70, 26412.96, 93.31, 59.59, -117.00
7080, 664.61, 30.70, 1157.47, -71479.80, -9918.21, 33180.24, 93.32, 59.60, -116.95
7110, 709.84, 5.13, 1242.74, -68717.95, -17654.42, 35232.54, -22.97, -0.43, -179.92
7140, 907.04, -1.95, 1357.97, -66047.67, -34332.27, 33050.54, -22.97, -0.43, -179.92
7170, 1000.98, -11.60, 1262.33, -61729.43, -25428.77, 26206.97, -22.97, -0.43, -179.92
7200, 744.81, -58.11, 965.76, -64620.97, 14999.39, 19653.32, -22.97, -0.43, -179.92
7230, 345.15, -140.26, 844.36, -70816.04, 44517.52, 16738.89, -22.99, -0.44, -179.91
7260, 141.78, -218.02, 868.53, -71563.72, 23773.19, 20622.25, 178.06, -59.11, 2.38
7290, 321.84, -244.93, 879.46, -69396.97, -5607.60, 28640.75, 178.06, -59.11, 2.38
7320, 504.64, -183.78, 1027.59, -72120.66, -9796.14, 35224.91, 178.06, -59.11, 2.38
7350, 676.76, -175.23, 1216.74, -76583.86, -10726.93, 35957.34, 178.05, -59.10, 2.35
7380, 833.86, -174.74, 1361.51, -72044.38, -15892.03, 31608.58, -37.52, -20.44, -173.10
7410, 1056.09, -87.16, 1559.02, -67359.92, -22689.82, 28091.43, -37.52, -20.44, -173.10
7440, 976.68, -109.50, 1356.08, -64186.10, -6004.33, 18569.95, -37.52, -20.44, -173.10
7470, 718.38, -145.94, 1144.96, -58059.69, 10948.18, 7835.39, -37.54, -20.46, -173.09
7500, 542.18, -129.46, 969.12, -53405.76, 13870.24, 3395.08, 159.91, -16.40, 100.02
7530, 383.24, -89.78, 904.66, -51628.11, 13496.40, 4966.74, 159.91, -16.40, 100.02
7560, 437.13, -36.93, 958.01, -57594.30, -2273.56, 17135.62, 159.91, -16.40, 100.02
7590, 560.18, -51.09, 977.29, -67787.17, -17654.42, 30380.25, 159.94, -16.39, 99.97
7620, 620.61, -110.78, 965.88, -70022.59, -18470.76, 31738.28, -47.78, -19.02, -171.62
7650, 749.39, -44.37, 1184.33, -64628.60, -24246.21, 28816.22, -47.78, -19.02, -171.62
7680, 868.96, 47.06, 1258.97, -60699.46, -24917.60, 24948.12, -47.78, -19.02, -171.62
7710, 865.66, 85.75, 1187.13, -59989.93, -10841.37, 22079.47, -47.79, -19.04, -171.62
7740, 767.09, 39.25, 1127.32, -69725.04, 6614.69, 30593.87, -178.11, 1.41, 120.68
7770, 575.44, -76.42, 1008.79, -71693.42, 17837.52, 32203.67, -178.11, 1.41, 120.68
7800, 502.87, -69.52, 1037.78, -61164.86, 14862.06, 25085.45, -178.11, 1.41, 120.68
7830, 534.79, 40.59, 1027.65, -51811.22, 11589.05, 19126.89, -178.11, 1.41, 120.68
7860, 507.51, 125.00, 1002.01, -63972.47, 17478.94, 29953.00, -178.09, 1.42, 120.63
7890, 488.77, 8.73, 1024.11, -77438.35, 15327.45, 40954.59, -54.84, -28.32, -165.27
7920, 801.03, 2.81, 1557.19, -73829.65, -15937.80, 44441.22, -54.84, -28.32, -165.27
7950, 1135.99, -26.00, 1628.42, -60508.73, -38757.32, 39024.35, -54.84, -28.32, -165.27
7980, 1177.00, -58.47, 1244.08, -40954.59, -10528.56, 20622.25, -54.86, -28.34, -165.26
8010, 807.98, 39.98, 1107.79, -40428.16, 19218.45, 19210.82, 177.14, -0.99, 132.70
8040, 652.34, 30.76, 1027.89, -56129.46, 13740.54, 28839.11, 177.14, -0.99, 132.70
8070, 544.25, -107.91, 858.34, -70358.27, 18783.57, 34332.27, 177.14, -0.99, 132.70
8100, 310.73, -252.01, 705.20, -79322.81, 29365.54, 35064.70, 177.17, -1.00, 132.67
8130, 258.54, -307.13, 806.58, -82260.13, 14495.85, 37208.56, -98.48, -38.15, -136.68
8160, 509.28, -286.13, 1086.00, -76316.84, -20668.03, 37872.31, -98.48, -38.15, -136.68
8190, 790.53, -227.36, 1006.77, -66673.28, -29075.62, 34507.75, -98.48, -38.15, -136.68
8220, 967.90, -91.98, 1310.55, -62591.55, -267.03, 30296.33, -98.50, -38.17, -136.66
8250, 890.50, -57.01, 1480.29, -65246.58, 5294.80, 32760.62, 158.79, -0.05, 179.67
8280, 855.10, -111.76, 1388.61, -65956.12, -15342.71, 34385.68, 158.79, -0.05, 179.67
8310, 900.94, -170.84, 1143.80, -59120.18, -24330.14, 31021.12, 158.79, -0.05, 179.67
8340, 814.58, -113.89, 1032.29, -50445.55, -7911.68, 24993.90, 158.81, -0.09, 179.69
8370, 724.91, -75.99, 911.19, -54145.81, 9086.61, 27282.71, 136.35, 16.76, -139.07
8400, 599.06, -111.51, 928.89, -58425.90, 24391.17, 26657.11, 136.35, 16.76, -139.07
8430, 440.55, -113.22, 840.09, -55923.46, 30548.10, 24787.90, 136.35, 16.76, -139.07
8460, 342.16, -85.63, 789.25, -53726.20, 20622.25, 26123.05, 136.36, 16.72, -139.03
8490, 555.79, 12.21, 1018.07, -57266.23, 2258.30, 30364.99, 92.84, 50.96, -126.34
8520, 836.91, 37.72, 1303.89, -66101.08, 1289.37, 31295.78, 92.84, 50.96, -126.34
8550, 979.86, -5.13, 1556.76, -65063.48, 14083.86, 23406.98, 92.84, 50.96, -126.34
8580, 835.63, -34.48, 1516.85, -56953.43, 17211.91, 15296.94, 92.85, 50.95, -126.28
8610, 707.70, -41.69, 1287.60, -49774.17, -83.92, 9635.93, -7.84, 32.86, 177.85
8640, 659.73, -45.41, 1029.36, -49354.55, -6256.10, 9284.97, -7.84, 32.86, 177.85
8670, 577.51, -68.24, 909.12, -55755.62, 1235.96, 12168.88, -7.84, 32.86, 177.85
8700, 691.65, -44.92, 1157.90, -69892.88, -2403.26, 18402.10, -7.87, 32.86, 177.85
8730, 690.25, -118.71, 1082.15, -75256.34, 6164.55, 17906.19, -114.30, -74.28, -81.53
8760, 473.75, -164.31, 1008.30, -72662.35, 8964.54, 14442.44, -114.30, -74.28, -81.53
8790, 528.81, -154.91, 1053.65, -71327.21, -10772.71, 18424.99, -114.30, -74.28, -81.53
8820, 697.39, -159.12, 1175.17, -69259.64, -15136.72, 22499.08, -114.34, -74.27, -81.52
8850, 868.59, -106.75, 1267.09, -64010.62, -7774.35, 23887.63, -42.00, 21.56, 171.77
8880, 753.05, -86.06, 1179.50, -58738.71, 16288.76, 21354.68, -42.00, 21.56, 171.77
8910, 631.53, -28.87, 1316.83, -56465.15, 29861.45, 19493.10, -42.00, 21.56, 171.77
8940, 558.11, -42.36, 1180.60, -58670.04, 26664.73, 22369.38, -42.00, 21.56, 171.77
8970, 323.24, -82.28, 1011.66, -60638.43, 26283.26, 26817.32, -42.02, 21.56, 171.77
9000, 311.65, -94.30, 974.43, -62377.93, -1693.73, 34187.32, 177.68, 3.05, -58.88
9030, 640.01, -52.92, 1096.62, -65574.65, -22254.94, 41648.86, 177.68, 3.05, -58.88
9060, 745.48, -45.78, 1266.91, -69412.23, -14823.91, 44868.47, 177.68, 3.05, -58.88
9090, 775.63, -99.30, 1237.85, -65399.17, -18333.44, 40687.56, 177.65, 3.02, -58.87
9120, 828.86, -83.13, 1349.24, -60150.15, -32630.92, 35820.01, 177.67, 30.23, -6.49
9150, 932.50, -87.16, 1287.60, -56663.51, -45913.70, 32066.35, 177.67, 30.23, -6.49
9180, 968.51, -99.98, 1001.89, -59638.98, -22567.75, 29441.83, 177.67, 30.23, -6.49
9210, 652.10, -200.93, 749.69, -69381.71, 35713.20, 21636.96, 177.65, 30.21, -6.48
9240, 394.17, -266.05, 861.08, -69320.68, 49682.62, 16769.41, -111.87, 69.00, 89.67
9270, 300.96, -256.16, 1031.25, -63552.86, 23612.98, 17158.51, -111.87, 69.00, 89.67
9300, 499.15, -192.38, 1122.68, -59005.74, 175.48, 15075.68, -111.87, 69.00, 89.67
9330, 753.05, -104.31, 1318.24, -58990.48, 3601.07, 11215.21, -111.95, 68.99, 89.59
9360, 766.17, -86.55, 1403.63, -59394.84, 6477.36, 9262.08, 168.75, 4.46, -134.72
9390, 775.76, -73.18, 1370.91, -56816.10, -1991.27, 8872.99, 168.75, 4.46, -134.72
9420, 797.91, -50.05, 1301.64, -59387.21, -4302.98, 12748.72, 168.75, 4.46, -134.72
9450, 741.70, -78.74, 1278.87, -64010.62, -8323.67, 18836.97, 168.75, 4.41, -134.70
9480, 707.82, -148.32, 1177.92, -65483.09, -16647.34, 21888.73, 123.00, 45.07, -104.56
9510, 691.47, -208.31, 1006.23, -62782.29, -14564.51, 19943.24, 123.00, 45.07, -104.56
9540, 677.31, -201.72, 1009.09, -56610.11, -9948.73, 16143.80, 123.00, 45.07, -104.56
9570, 674.32, -162.17, 969.18, -52742.00, -2128.60, 13931.27, 123.00, 45.07, -104.56
9600, 633.61, -137.21, 1016.05, -55717.47, 8819.58, 14213.56, 123.01, 45.04, -104.51
9630, 584.35, -136.72, 995.36, -58021.55, 24169.92, 13885.50, 18.16, 62.12, -168.66
9660, 524.05, -113.22, 1101.32, -57693.48, 26397.71, 18234.25, 18.16, 62.12, -168.66
9690, 960.27, 18.07, 1481.93, -61622.62, 21064.76, 35415.65, 18.16, 62.12, -168.66
9720, 792.85, -85.57, 1166.63, -61813.36, 65910.34, 38551.33, 18.13, 62.13, -168.65
9750, 576.05, -122.19, 1149.60, -49560.55, 76896.66, 39138.79, -58.79, -42.98, -155.28
9780, 714.36, -63.66, 1272.77, -43205.26, 60333.25, 46676.64, -58.79, -42.98, -155.28
9810, 563.42, -63.42, 1258.73, -46310.43, 57464.60, 53543.09, -58.79, -42.98, -155.28
9840, 448.49, -120.42, 1285.40, -47729.49, 41053.77, 57510.38, -58.82, -42.99, -155.25
9870, 313.96, -139.16, 1021.42, -38719.18, 33470.15, 48820.50, 152.64, -15.81, 119.45
9900, 246.64, -95.09, 990.72, -35896.30, 15220.64, 41549.68, 152.64, -15.81, 119.45
9930, 494.63, -26.98, 1103.82, -40901.18, -3295.90, 39604.19, 152.64, -15.81, 119.45
9960, 459.41, -35.64, 1040.71, -51994.32, 2647.40, 28419.49, 152.67, -15.82, 119.40
9990, 537.66, -43.33, 1181.21, -62896.73, -442.50, 26687.62, -65.02, -13.17, -171.67
10020, 534.97, -87.71, 1172.49, -63331.61, 3967.29, 20675.66, -65.02, -13.17, -171.67
10050, 452.94, -59.14, 1146.67, -63797.00, 9063.72, 16586.30, -65.02, -13.17, -171.67
10080, 482.91, -37.54, 1257.02, -72525.02, 2853.39, 17211.91, -65.02, -13.19, -171.67
10110, 500.43, -106.81, 1224.79, -78491.21, -1861.57, 17684.94, 165.28, 0.08, -179.40
10140, 505.31, -167.66, 1276.67, -81123.35, -2403.26, 17456.05, 165.28, 0.08, -179.40
10170, 527.77, -201.11, 1311.10, -75012.20, -2487.18, 13793.95, 165.28, 0.08, -179.40
10200, 376.83, -197.69, 1132.20, -63682.55, -938.42, 1602.17, 165.29, 0.05, -179.38
10230, 322.69, -143.31, 1164.92, -60989.38, -11039.73, -2754.21, 134.35, 21.55, -130.73
10260, 351.50, -85.14, 1166.87, -59005.74, -24002.07, -10169.98, 134.35, 21.55, -130.73
10290, 365.91, -42.48, 1144.41, -62217.71, -33859.25, -17021.18, 134.35, 21.55, -130.73
10320, 513.55, -10.19, 1284.55, -72502.13, -40962.22, -9742.74, 134.36, 21.52, -130.69
10350, 584.78, -24.66, 1241.52, -73600.77, -34027.10, -5134.58, 84.16, 57.12, -127.19
10380, 466.43, -51.15, 1065.00, -74714.66, -20019.53, -289.92, 84.16, 57.12, -127.19
10410, 451.66, -90.03, 1068.42, -77354.43, -22064.21, 12069.70, 84.16, 57.12, -127.19
10440, 597.29, -67.93, 1098.69, -69953.92, -26611.33, 14411.93, 84.17, 57.13, -127.14
10470, 664.31, -33.75, 1196.66, -66711.42, -26016.23, 16151.43, -21.27, 2.29, 179.58
10500, 760.25, -34.00, 1247.80, -70098.88, -25222.78, 23300.17, -21.27, 2.29, 179.58
10530, 722.72, -103.27, 1163.45, -74478.15, -18394.47, 25726.32, -21.27, 2.29, 179.58
10560, 689.70, -178.59, 1191.96, -75134.28, -13809.20, 23742.68, -21.27, 2.29, 179.58
10590, 733.22, -187.93, 1255.00, -66268.92, -12428.28, 15815.73, -21.29, 2.28, 179.59
10620, 646.18, -149.11, 1129.15, -61241.15, -1472.47, 8575.44, 152.34, -40.53, 66.20
10650, 523.19, -150.45, 1080.32, -67550.66, 8552.55, 13038.63, 152.34, -40.53, 66.20
10680, 514.83, -175.78, 1159.55, -70533.75, 5661.01, 18028.26, 152.34, -40.53, 66.20
10710, 544.74, -190.12, 1170.90, -67192.08, 1358.03, 18112.18, 152.37, -40.51, 66.14
10740, 528.69, -179.93, 1119.75, -63102.72, -2227.78, 17082.21, -71.53, -18.84, -166.51
10770, 592.83, -122.99, 1146.42, -61157.23, -13572.69, 18760.68, -71.53, -18.84, -166.51
10800, 806.21, -10.19, 1256.16, -63652.04, -14961.24, 20187.38, -71.53, -18.84, -166.51
10830, 788.33, -16.60, 1283.26, -70945.74, -11764.53, 21400.45, -71.54, -18.86, -166.51
10860, 739.44, -100.46, 1244.26, -70968.63, -24658.20, 26351.93, 158.30, 0.82, -175.62
10890, 842.59, -90.58, 1132.08, -66047.67, -31623.84, 25993.35, 158.30, 0.82, -175.62
10920, 743.77, -97.11, 900.94, -62065.13, -14228.82, 19927.98, 158.30, 0.82, -175.62
10950, 586.00, -82.40, 891.72, -63209.54, -7362.37, 21705.63, 158.32, 0.78, -175.60
10980, 705.44, -60.97, 951.11, -65864.56, -10276.79, 24787.90, 133.96, 17.74, -139.14
11010, 746.77, -41.63, 1034.67, -66932.68, 2883.91, 25016.79, 133.96, 17.74, -139.14
11040, 760.13, -30.76, 1119.93, -68649.29, 21804.81, 23086.55, 133.96, 17.74, -139.14
11070, 544.92, -90.09, 1047.06, -69625.85, 37986.75, 20355.22, 133.96, 17.70, -139.10
11100, 452.88, -73.91, 1148.19, -63674.93, 22468.57, 20568.85, 80.84, 47.66, -138.39
11130, 701.42, 22.16, 1233.22, -56335.45, 465.39, 21232.61, 80.84, 47.66, -138.39
11160, 722.41, 16.05, 1163.88, -62652.59, 5195.62, 27191.16, 80.84, 47.66, -138.39
11190, 652.59, -60.91, 1166.50, -71655.27, 2113.34, 36842.35, 80.84, 47.66, -138.39
11220, 707.03, -135.13, 1167.91, -76400.76, -2555.85, 37483.21, 80.84, 47.66, -138.34
11250, 742.98, -178.83, 1275.94, -74211.12, -4959.11, 29899.60, 1.63, 12.69, -179.76
11280, 788.33, -176.39, 1264.77, -69625.85, -13038.63, 22964.48, 1.63, 12.69, -179.76
11310, 779.54, -202.45, 1143.37, -67199.70, -9796.14, 18402.10, 1.63, 12.69, -179.76
11340, 646.00, -226.14, 1042.24, -64331.05, 2105.71, 15174.87, 1.61, 12.69, -179.74
11370, 552.86, -230.16, 1029.05, -62355.04, -114.44, 17082.21, 121.53, -78.62, 68.06
11400, 554.02, -220.52, 934.81, -61164.86, 1434.33, 19393.92, 121.53, -78.62, 68.06
11430, 630.86, -178.04, 1061.89, -62705.99, 6217.96, 21270.75, 121.53, -78.62, 68.06
11460, 592.59, -183.59, 1114.32, -66032.41, 16944.88, 23963.93, 121.63, -78.63, 67.93
11490, 534.12, -209.59, 1137.21, -65879.82, 11337.28, 27648.93, -60.80, 42.86, 154.36
11520, 692.93, -182.01, 1264.34, -59967.04, -7232.67, 29304.50, -60.80, 42.86, 154.36
11550, 852.36, -57.43, 1285.22, -47912.60, -8666.99, 20294.19, -60.80, 42.86, 154.36
11580, 712.22, 0.67, 1214.29, -45356.75, -7804.87, 16799.93, -60.82, 42.87, 154.33
11610, 702.70, 14.47, 1071.66, -50949.10, -14343.26, 21774.29, 123.75, 45.59, -102.95
11640, 692.75, -12.33, 1006.96, -57868.96, -12268.07, 24421.69, 123.75, 45.59, -102.95
11670, 626.34, -97.72, 1081.97, -70762.63, -7041.93, 22590.64, 123.75, 45.56, -102.91
11700, 691.41, -65.92, 1060.55, -66253.66, -14076.23, 21797.18, 123.75, 45.56, -102.91
11730, 760.93, -42.54, 1038.27, -66970.83, -14770.51, 26130.68, 12.58, 65.03, -171.59
11760, 852.23, -38.82, 1148.50, -68817.14, -10444.64, 30265.81, 12.58, 65.03, -171.59
11790, 874.57, -53.28, 1192.14, -68244.94, -3097.53, 32615.66, 12.58, 65.03, -171.59
11820, 814.76, -95.28, 1190.61, -63774.11, 1327.51, 32234.19, 12.56, 65.05, -171.58
11850, 743.96, -101.32, 1080.26, -54733.28, 2830.51, 29586.79, -67.78, -31.69, -158.65
11880, 656.80, -49.80, 982.97, -50628.66, 2090.45, 28472.90, -67.78, -31.69, -158.65
11910, 664.79, -30.03, 968.02, -57929.99, -4035.95, 33546.45, -67.78, -31.69, -158.65
11940, 747.01, -47.36, 1013.85, -65742.49, -3440.86, 35148.62, -67.80, -31.71, -158.64
11970, 762.88, -90.88, 1044.37, -71243.29, 3494.26, 34515.38, 163.35, -4.03, 151.94
12000, 795.84, -122.62, 1176.45, -72242.73, 3273.01, 33966.06, 163.35, -4.03, 151.94
12030, 820.74, -146.85, 1176.57, -71685.79, 5302.43, 31333.92, 163.35, -4.03, 151.94
12060, 729.92, -199.65, 1086.55, -70533.75, 14411.93, 27183.53, 163.35, -4.03, 151.94
12090, 674.07, -234.19, 1115.66, -65330.50, 15144.35, 24955.75, 163.38, -4.06, 151.93
12120, 702.33, -207.40, 1109.68, -58944.70, 12855.53, 25512.70, -165.83, -4.25, -148.00
12150, 656.19, -180.36, 1036.50, -59959.41, 16815.19, 28297.42, -165.83, -4.25, -148.00
12180, 679.87, -195.50, 1096.56, -61309.81, 19432.07, 29838.56, -165.83, -4.25, -148.00
12210, 700.20, -186.95, 1204.65, -57960.51, 16906.74, 28762.82, -165.83, -4.29, -147.98
12240, 772.09, -141.85, 1311.28, -53222.66, 5035.40, 27420.04, 126.93, 30.48, -122.17
12270, 798.77, -123.72, 1271.67, -47294.62, -5981.45, 26336.67, 126.93, 30.48, -122.17
12300, 806.15, -86.12, 1185.12, -40031.43, -12580.87, 25650.02, 126.93, 30.48, -122.17
12330, 798.28, -35.16, 1074.28, -38459.78, -7331.85, 24848.94, 126.93, 30.44, -122.13
12360, 738.46, -13.24, 1012.45, -44982.91, 7499.69, 26298.52, 86.31, 62.93, -119.81
12390, 656.43, -25.70, 1019.78, -53077.70, 22163.39, 26268.01, 86.31, 62.93, -119.81
12420, 556.15, -12.21, 1021.12, -60836.79, 26168.82, 26138.30, 86.31, 62.93, -119.81
12450, 525.09, -1.22, 1029.85, -68862.91, 13351.44, 27381.90, 86.34, 62.94, -119.74
12480, 571.11, -23.86, 1020.87, -74821.47, -4302.98, 26451.11, -32.23, 9.55, 177.28
12510, 742.25, -35.83, 1054.57, -74172.98, -10391.24, 21896.36, -32.23, 9.55, 177.28
12540, 797.00, -0.37, 1101.87, -75363.16, -953.67, 20034.79, -32.23, 9.55, 177.28
12570, 774.60, -42.05, 1162.96, -79391.48, 1762.39, 23918.15, -32.25, 9.54, 177.28
12600, 778.56, -99.18, 1169.92, -77781.68, -1243.59, 28144.84, 169.27, -17.42, 60.14
12630, 827.82, -128.54, 1211.30, -71815.49, -2815.25, 29922.48, 169.27, -17.42, 60.14
12660, 779.11, -143.31, 1153.69, -64903.26, 2929.69, 29701.23, 169.27, -17.42, 60.14
12690, 629.64, -180.24, 1043.09, -58135.98, 6835.94, 26351.93, 169.27, -17.42, 60.14
12720, 629.70, -125.06, 1091.06, -48851.01, -4821.78, 22102.36, 169.28, -17.40, 60.10
12750, 719.12, -41.75, 1103.21, -47889.71, -13008.12, 22628.79, -58.71, -31.62, -162.11
12780, 755.92, -51.82, 1044.80, -56472.78, -3532.41, 26649.47, -58.71, -31.62, -162.11
12810, 688.78, -113.22, 1014.83, -65017.70, 16128.54, 29876.71, -58.71, -31.62, -162.11
12840, 563.66, -178.83, 1022.71, -69236.76, 28137.21, 31005.86, -58.73, -31.63, -162.09
12870, 512.45, -208.37, 1094.79, -67710.88, 16059.88, 32272.34, 156.09, -15.29, 113.92
12900, 619.75, -221.98, 1135.56, -64048.77, -6744.38, 34446.71, 156.09, -15.29, 113.92
12930, 801.21, -193.18, 1146.30, -62194.82, -13404.85, 36682.13, 156.09, -15.29, 113.92
12960, 884.46, -161.74, 1225.83, -65177.92, 3654.48, 36384.58, 156.12, -15.29, 113.88
12990, 813.66, -199.34, 1236.57, -68397.52, 19844.05, 33515.93, -72.02, -10.64, -172.33
13020, 646.42, -243.59, 1191.47, -66108.70, 22689.82, 27236.94, -72.02, -10.64, -172.33
13050, 596.74, -245.54, 1172.36, -59371.95, 4638.67, 21163.94, -72.02, -10.64, -172.33
13080, 746.77, -171.81, 1128.66, -53565.98, -11177.06, 15945.43, -72.02, -10.66, -172.33
13110, 751.16, -131.47, 1033.94, -54382.32, 5615.23, 8979.80, 162.36, 1.05, -173.06
13140, 605.96, -128.23, 1068.79, -57014.46, 21881.10, 5638.12, 162.36, 1.05, -173.06
13170, 581.54, -69.03, 1144.96, -59730.53, 17654.42, 7827.76, 162.36, 1.05, -173.06
13200, 627.75, -57.13, 1225.28, -65032.96, 9696.96, 14114.38, 162.37, 1.01, -173.03
13230, 687.13, -90.21, 1238.04, -65490.72, 2059.94, 22132.87, 129.75, 20.63, -137.07
13260, 665.47, -88.81, 1147.16, -57708.74, -701.90, 22682.19, 129.75, 20.63, -137.07
13290, 617.00, -43.76, 1051.39, -53634.64, 1281.74, 22521.97, 129.75, 20.63, -137.07
13320, 724.24, 20.51, 1157.17, -56976.32, -4264.83, 26184.08, 129.75, 20.63, -137.07
13350, 736.33, -19.53, 1116.03, -63484.19, 11878.97, 32005.31, 129.76, 20.59, -137.03
13380, 559.39, -105.65, 1112.67, -68138.13, 17723.08, 42701.72, 80.26, 50.05, -136.64
13410, 541.93, -135.86, 1201.78, -58982.85, -10993.96, 43579.10, 80.26, 50.05, -136.64
13440, 705.44, -96.13, 1053.77, -41542.05, -22850.04, 35049.44, 80.27, 50.04, -136.59
13470, 810.91, 17.70, 1109.25, -42900.09, -17539.98, 33416.75, 0.59, 14.49, -179.86
13500, 934.57, 43.76, 1165.16, -51368.71, 2136.23, 31257.63, 0.59, 14.49, -179.86
13530, 754.39, -3.97, 1203.98, -61790.46, 23498.54, 33676.15, 0.59, 14.49, -179.86
13560, 549.87, -100.10, 1142.33, -64666.75, 3456.12, 37651.06, 0.59, 14.49, -179.86
13590, 687.07, -145.39, 994.57, -59593.20, -1541.14, 34866.33, 0.57, 14.49, -179.84
13620, 546.45, -93.87, 972.05, -66215.52, 21408.08, 35171.51, 146.81, -71.73, 44.05
13650, 456.48, -161.19, 1012.15, -79292.30, 24627.69, 36926.27, 146.81, -71.73, 44.05
13680, 473.02, -267.33, 1088.75, -84373.48, 19081.12, 38391.11, 146.81, -71.73, 44.05
13710, 580.32, -299.50, 1362.92, -80139.16, -1190.19, 40351.87, 146.87, -71.73, 43.95
13740, 939.09, -281.13, 1332.40, -66772.46, -22033.69, 37719.73, -41.66, 31.51, 167.94
13770, 990.60, -228.39, 1367.25, -61515.81, -10627.75, 31585.69, -41.66, 31.51, 167.94
13800, 973.57, -235.90, 1301.51, -59181.21, 5905.15, 26000.98, -41.66, 31.51, 167.94
13830, 669.31, -256.96, 1076.17, -55892.95, 26374.82, 18127.44, -41.67, 31.51, 167.94
13860, 386.05, -282.59, 983.09, -53733.82, 23262.02, 13206.48, -133.07, -28.54, -119.99
13890, 380.00, -263.61, 961.91, -49484.25, -3700.26, 15037.54, -133.07, -28.54, -119.99
13920, 586.73, -199.28, 972.47, -43838.50, -24391.17, 17623.90, -133.07, -28.54, -119.99
13950, 823.12, -70.92, 1220.03, -40176.39, -27908.32, 19645.69, -133.08, -28.56, -119.98
13980, 950.87, -1.53, 1155.94, -48614.50, -9429.93, 23292.54, 146.81, 24.80, -106.15
14010, 866.52, -36.19, 1179.87, -59494.02, 5592.35, 24841.31, 146.81, 24.80, -106.15
14040, 628.17, -112.06, 1193.97, -63476.56, 6324.77, 23231.51, 146.81, 24.80, -106.15
14070, 688.96, -133.18, 1132.51, -55809.02, -13900.76, 18966.68, 146.81, 24.76, -106.11
14100, 715.64, -72.33, 926.15, -47393.80, -5744.93, 11360.17, 139.54, 59.40, -64.92
14130, 535.46, -72.33, 802.67, -52879.33, 17738.34, 16441.35, 139.54, 59.40, -64.92
14160, 480.35, -73.30, 924.87, -60104.37, 17051.70, 27755.74, 139.54, 59.40, -64.92
14190, 601.99, -91.00, 1102.11, -62767.03, 6942.75, 39703.37, 139.54, 59.40, -64.92
14220, 804.57, -75.56, 1339.84, -60379.03, -3318.79, 49934.39, 139.56, 59.38, -64.86
14250, 820.92, -122.86, 1278.44, -52642.82, -137.33, 50338.75, -38.16, 30.76, 169.30
14280, 740.17, -49.38, 1199.46, -42770.39, 2098.08, 44647.22, -38.16, 30.76, 169.30
14310, 846.92, 34.18, 1342.96, -45989.99, -8125.31, 42190.55, -38.16, 30.76, 169.30
14340, 858.83, -44.13, 1211.85, -55007.93, -6477.36, 40122.98, -38.18, 30.76, 169.29
14370, 706.73, -144.29, 1140.69, -59326.17, 10543.82, 29243.47, 140.96, -5.07, 165.54
14400, 693.60, -163.45, 1208.13, -58181.76, 13900.76, 20759.58, 140.96, -5.07, 165.54
14430, 538.15, -197.57, 1045.04, -56884.77, 20774.84, 16410.83, 140.96, -5.07, 165.54
14460, 389.28, -232.97, 935.91, -56594.85, 19653.32, 17562.87, 140.97, -5.10, 165.55
14490, 332.76, -248.54, 839.48, -56304.93, 6919.86, 22964.48, 121.25, 7.94, -165.80
14520, 428.47, -231.20, 859.07, -53306.58, -13031.01, 28137.21, 121.25, 7.94, -165.80
14550, 694.09, -165.59, 1124.33, -49140.93, -34889.22, 32653.81, 121.25, 7.94, -165.80
14580, 988.95, -58.59, 1308.23, -48866.27, -38597.11, 35568.24, 121.25, 7.90, -165.76
14610, 1072.75, -78.67, 1391.91, -53482.05, -21049.50, 32844.54, 91.38, 18.24, -161.14
14640, 1003.91, -144.23, 1409.00, -44784.55, -6896.97, 22819.52, 91.38, 18.24, -161.14
14670, 827.76, -91.06, 1187.87, -32669.07, 762.94, 14228.82, 91.38, 18.24, -161.14
14700, 570.86, -57.92, 894.78, -32989.50, 5966.19, 15792.85, 91.38, 18.22, -161.09
14730, 545.78, -19.78, 947.14, -43609.62, -10520.94, 24734.50, 46.84, 13.09, -174.23
14760, 768.68, -47.97, 957.28, -53291.32, 1045.23, 27427.67, 46.84, 13.09, -174.23
14790, 624.57, -75.32, 876.40, -60859.68, 32203.67, 24360.66, 46.84, 13.09, -174.23
14820, 411.07, -121.28, 879.76, -67382.81, 41137.70, 19294.74, 46.83, 13.09, -174.20
14850, 281.86, -156.68, 938.96, -67382.81, 13488.77, 16136.17, 6.12, -48.18, 177.00
14880, 525.76, -158.33, 1080.93, -58837.89, -21530.15, 12718.20, 6.12, -48.18, 177.00
14910, 1056.88, 6.84, 1514.16, -49301.15, -36293.03, 10574.34, 6.12, -48.18, 177.00
14940, 1154.36, 55.79, 1359.80, -49362.18, -7003.78, 8239.75, 6.08, -48.19, 177.02
14970, 877.87, -15.38, 1272.64, -50445.55, 15251.16, 9269.71, -160.70, 32.35, 62.30
15000, 725.34, -14.28, 1372.31, -43525.70, -11573.79, 9399.41, -160.70, 32.35, 62.30
