30, 241.64, -100.71, 1213.32, -65330.50, -4203.80, 42320.25, -160.18, -18.11, -132.98
60, 288.21, -90.45, 1201.54, -54740.91, -9956.36, 47447.20, 132.23, -2.72, 173.76
90, 306.88, -67.99, 1203.98, -56434.63, -11177.06, 43769.84, 71.25, 35.99, -153.53
120, 321.96, -72.14, 1211.24, -57571.41, -10620.12, 39550.78, 71.25, 35.99, -153.53
150, 328.80, -69.09, 1219.73, -61149.60, -9399.41, 33470.15, 71.25, 35.99, -153.53
180, 335.51, -105.59, 1223.88, -63278.20, -7064.82, 28312.68, 71.25, 35.99, -153.53
210, 333.92, -130.31, 1214.48, -62011.72, -3494.26, 25741.58, 71.25, 35.99, -153.53
240, 325.50, -94.73, 1211.43, -63171.39, -907.90, 22628.79, 71.27, 36.00, -153.49
270, 327.03, -75.44, 1205.08, -65696.72, -511.17, 18081.66, -63.79, 41.71, 153.61
300, 333.74, -27.47, 1180.11, -69259.64, -1647.95, 14373.78, -63.79, 41.71, 153.61
330, 328.19, -120.36, 1199.89, -70915.22, -1403.81, 12184.14, -63.79, 41.71, 153.61
360, 336.43, -104.00, 1201.90, -69358.83, -2075.20, 12580.87, -63.79, 41.71, 153.61
390, 333.62, -93.93, 1196.23, -69358.83, -1960.75, 13175.96, -63.81, 41.73, 153.59
420, 321.96, -43.88, 1236.94, -73333.74, -3707.89, 16716.00, 146.54, 6.37, -158.63
450, 328.49, -272.89, 1172.18, -73089.60, -3311.16, 19912.72, 146.54, 6.37, -158.63
480, 355.96, -156.92, 1163.45, -62278.75, -3738.40, 21789.55, 146.54, 6.37, -158.63
510, 374.88, -97.05, 1196.59, -63766.48, -3547.67, 20332.34, 146.54, 6.37, -158.63
540, 388.92, -97.41, 1174.62, -64300.54, -2578.74, 19683.84, 146.54, 6.37, -158.63
570, 401.37, -150.63, 1172.18, -64178.47, -1220.70, 18913.27, 146.55, 6.36, -158.60
600, 477.84, -153.14, 1181.09, -57838.44, 6362.92, 16654.97, 35.13, 38.79, -167.07
630, 453.74, -129.70, 1180.91, -56968.69, 15625.00, 16014.10, 35.13, 38.79, -167.07
660, 401.18, -144.17, 1177.86, -57159.42, 23796.08, 16441.35, 35.13, 38.79, -167.07
690, 347.11, -168.82, 1168.33, -55595.40, 28778.08, 17333.98, 35.13, 38.79, -167.07
720, 305.73, -162.60, 1156.98, -53146.36, 29838.56, 17974.85, 35.15, 38.81, -167.03
750, 292.66, -154.36, 1149.23, -48645.02, 28457.64, 16311.65, -77.01, 28.20, 157.62
780, 296.63, -108.15, 1216.49, -45181.27, 28419.49, 14778.14, -77.01, 28.20, 157.62
810, 269.23, -65.80, 1261.66, -44342.04, 27549.74, 15487.67, -77.01, 28.20, 157.62
840, 232.60, -20.08, 1271.24, -45356.75, 23185.73, 18875.12, -77.01, 28.20, 157.62
870, 203.00, 1.16, 1261.05, -48309.33, 16410.83, 25115.97, -77.01, 28.20, 157.62
900, 197.27, 4.64, 1246.34, -53283.69, 5897.52, 35995.48, -77.03, 28.21, 157.60
930, 246.95, 14.22, 1242.13, -56335.45, -4020.69, 37765.50, 117.74, 22.65, -142.90
960, 263.79, -0.43, 1189.09, -60577.39, -8872.99, 37849.43, 117.74, 22.65, -142.90
990, 313.78, -13.18, 1211.49, -63949.59, -8644.10, 39451.60, 117.74, 22.65, -142.90
1020, 338.01, -30.58, 1216.92, -66459.66, -4592.90, 40023.80, 117.75, 22.65, -142.87
1050, 313.66, -66.89, 1177.49, -66596.98, -160.22, 36415.10, -13.74, 44.85, 174.54
1080, 311.40, -78.55, 1161.87, -64781.19, 1113.89, 32157.90, -13.74, 44.85, 174.54
1110, 316.59, -72.75, 1155.94, -63049.32, 1724.24, 26786.80, -13.74, 44.85, 174.54
1140, 315.49, -60.06, 1142.64, -61027.53, 1625.06, 17639.16, -13.74, 44.85, 174.54
1170, 328.86, -57.19, 1148.93, -59165.95, 1663.21, 10543.82, -13.75, 44.88, 174.55
1200, 334.41, -21.00, 1157.17, -58883.67, 4783.63, 3440.86, -127.66, -1.90, -176.19
1230, 308.35, -15.08, 1173.95, -62118.53, 5661.01, 3890.99, -127.66, -1.90, -176.19
1260, 311.65, -27.53, 1181.88, -66101.08, 7865.91, 7949.83, -127.66, -1.90, -176.19
1290, 298.89, -50.84, 1221.92, -68801.88, 9429.93, 13793.95, -127.66, -1.90, -176.19
1320, 269.41, -68.36, 1211.36, -70045.47, 8171.08, 21179.20, -127.66, -1.90, -176.19
1350, 237.43, -90.15, 1205.75, -69465.64, 5012.51, 22247.31, -127.66, -1.91, -176.19
1380, 248.29, -104.74, 1216.31, -67283.63, 1602.17, 20668.03, 149.50, 5.83, -158.49
1410, 249.76, -98.82, 1212.95, -64170.84, 839.23, 17601.01, 149.50, 5.83, -158.49
1440, 214.05, -81.48, 1204.83, -62599.18, 251.77, 13984.68, 149.50, 5.83, -158.49
1470, 202.82, -66.89, 1205.99, -63583.38, -1876.83, 11001.59, 149.50, 5.83, -158.49
1500, 202.27, -74.71, 1202.82, -67039.49, -5760.19, 8338.93, 149.51, 5.82, -158.46
1530, 217.41, -86.00, 1223.02, -69961.55, -8392.33, 7614.14, 19.07, 35.88, -173.59
1560, 229.43, -103.21, 1232.42, -72891.23, -10459.90, 7431.03, 19.07, 35.88, -173.59
1590, 236.33, -122.92, 1225.83, -75393.68, -12886.05, 7484.44, 19.07, 35.88, -173.59
1620, 240.84, -147.89, 1204.90, -77407.84, -15129.09, 7331.85, 19.07, 35.88, -173.59
1650, 260.31, -160.34, 1222.96, -79032.90, -17051.70, 7049.56, 19.07, 35.88, -173.59
1680, 275.02, -190.06, 1245.30, -80230.71, -18287.66, 5996.70, 19.08, 35.90, -173.56
1710, 291.99, -187.50, 1278.20, -78842.16, -15716.55, 3479.00, -90.88, 14.93, 164.99
1740, 255.00, -183.84, 1271.18, -78094.48, -14129.64, 1602.17, -90.88, 14.93, 164.99
1770, 223.57, -187.26, 1251.65, -78079.23, -15121.46, 1297.00, -90.88, 14.93, 164.99
1800, 205.87, -205.32, 1237.30, -77949.52, -18196.11, 3044.13, -90.88, 14.93, 164.99
1830, 209.17, -218.51, 1217.16, -76805.12, -22705.08, 6622.31, -90.88, 14.93, 164.99
1860, 252.81, -239.44, 1203.67, -74424.74, -30029.30, 13206.48, -90.89, 14.93, 164.98
1890, 337.22, -241.64, 1204.28, -70579.53, -35781.86, 19264.22, 121.52, -54.33, 94.31
1920, 403.87, -237.92, 1216.06, -67779.54, -37200.93, 22331.24, 121.52, -54.33, 94.31
1950, 473.88, -214.78, 1241.27, -66406.25, -36270.14, 25054.93, 121.52, -54.33, 94.31
1980, 510.99, -204.59, 1229.00, -67695.62, -32836.91, 27557.37, 121.52, -54.33, 94.31
2010, 512.94, -213.99, 1209.78, -70472.72, -27999.88, 29899.60, 121.62, -54.33, 94.20
2040, 486.08, -251.28, 1172.73, -73875.43, -22903.44, 33332.82, -120.33, 2.31, 176.03
2070, 486.21, -273.86, 1150.21, -73677.06, -22361.76, 34065.25, -120.33, 2.31, 176.03
2100, 513.24, -283.33, 1153.93, -71594.23, -22819.52, 33538.82, -120.33, 2.31, 176.03
2130, 549.62, -268.62, 1164.67, -69686.89, -22590.64, 33287.05, -120.33, 2.31, 176.03
2160, 585.39, -254.39, 1169.74, -70198.06, -21125.79, 34194.95, -120.33, 2.31, 176.03
2190, 609.31, -268.31, 1169.37, -71777.34, -17799.38, 35011.29, -120.33, 2.30, 176.03
2220, 612.06, -321.78, 1167.36, -71311.95, -11817.93, 34996.03, -174.64, 3.72, 116.20
2250, 621.77, -332.58, 1175.90, -68946.84, -8369.45, 34950.26, -174.64, 3.72, 116.20
2280, 629.88, -335.14, 1176.27, -66535.95, -4707.34, 34881.59, -174.64, 3.72, 116.20
2310, 632.32, -335.14, 1184.69, -64704.89, -747.68, 35079.96, -174.64, 3.72, 116.20
2340, 613.71, -338.93, 1172.55, -63766.48, 2761.84, 36376.95, -174.64, 3.72, 116.20
2370, 591.86, -348.51, 1156.98, -62698.36, 4653.93, 38406.37, -174.61, 3.70, 116.17
2400, 611.08, -344.79, 1213.13, -58624.27, 4882.81, 42518.62, -97.60, 5.30, 174.02
2430, 589.05, -330.38, 1163.70, -55763.25, 4760.74, 45890.81, -97.60, 5.30, 174.02
2460, 594.48, -318.73, 1200.81, -53886.41, 3303.53, 49552.92, -97.60, 5.30, 174.02
2490, 604.37, -298.28, 1215.52, -51628.11, 1434.33, 53833.01, -97.60, 5.30, 174.02
2520, 584.78, -264.40, 1208.50, -50086.98, 717.16, 58212.28, -97.60, 5.30, 174.02
2550, 539.67, -228.09, 1216.19, -50056.46, 328.06, 62446.59, -97.61, 5.30, 174.01
2580, 545.23, -203.00, 1267.58, -49385.07, -1350.40, 66864.02, 177.71, 45.10, -4.09
2610, 466.86, -191.96, 1225.52, -47096.25, -831.60, 68817.14, 177.71, 45.10, -4.09
2640, 424.32, -185.61, 1264.77, -45150.76, -5676.27, 72433.47, 177.71, 45.10, -4.09
2670, 428.16, -148.99, 1241.21, -30540.47, -16891.48, 78086.85, 177.70, 45.07, -4.08
2700, 395.81, -88.38, 1208.50, -24810.79, -15678.41, 70625.30, -149.86, 4.05, 165.30
2730, 384.46, -68.30, 1207.09, -24406.43, -12512.21, 65223.70, -149.86, 4.05, 165.30
2760, 373.29, -16.42, 1207.64, -28724.67, -6141.66, 61218.26, -149.86, 4.05, 165.30
2790, 332.09, -14.34, 1176.82, -39260.86, -1991.27, 64773.56, -149.86, 4.05, 165.30
2820, 341.55, -20.75, 1220.28, -46859.74, -1358.03, 65742.49, -149.86, 4.04, 165.30
2850, 399.78, -14.04, 1262.15, -50567.63, 3517.15, 55679.32, -121.98, 8.11, 165.62
2880, 403.75, 12.88, 1258.00, -52505.49, 8476.26, 47714.23, -121.98, 8.11, 165.62
2910, 419.98, 17.33, 1256.84, -55488.59, 12573.24, 44326.78, -121.98, 8.11, 165.62
2940, 382.45, -41.75, 1175.11, -56838.99, 6858.83, 50773.62, -121.98, 8.11, 165.62
2970, 513.79, -102.54, 1146.42, -52307.13, -6942.75, 52818.30, -121.99, 8.10, 165.61
3000, 655.27, -136.11, 1122.19, -40725.71, -9796.14, 49087.52, -125.56, 37.08, 114.47
3030, 672.42, -33.33, 1116.03, -34271.24, -5111.69, 45425.41, -125.56, 37.08, 114.47
3060, 658.81, 3.66, 1081.24, -37078.86, -3013.61, 45616.15, -125.56, 37.08, 114.47
3090, 774.48, -2.75, 1120.42, -42297.36, 7728.58, 49789.43, -125.57, 37.06, 114.43
3120, 762.27, -38.09, 1090.94, -44921.88, 24871.83, 50758.36, 16.36, 63.53, -169.46
3150, 726.62, -69.03, 1075.44, -45433.04, 38269.04, 50308.23, 16.36, 63.53, -169.46
3180, 675.54, -73.43, 1067.20, -44410.71, 46897.89, 50445.55, 16.36, 63.53, -169.46
3210, 642.64, -75.68, 1077.21, -43182.38, 52635.19, 49819.95, 16.38, 63.54, -169.43
3240, 596.37, -66.65, 1061.40, -38978.58, 58837.89, 41305.54, -117.96, 16.50, 153.17
3270, 523.25, -3.91, 1057.01, -37117.00, 62904.36, 29945.37, -117.96, 16.50, 153.17
3300, 461.24, 25.70, 1056.21, -42312.62, 61737.06, 23048.40, -117.96, 16.50, 153.17
3330, 487.30, 12.82, 1169.98, -45616.15, 57365.42, 16288.76, -117.96, 16.49, 153.15
3360, 452.82, 42.97, 1126.77, -47317.50, 59692.38, 9605.41, -69.75, 15.80, 169.08
3390, 385.25, 49.13, 1151.18, -53649.90, 63743.59, 6195.07, -69.75, 15.80, 169.08
3420, 272.64, 0.61, 1120.42, -57716.37, 58601.38, 5729.68, -69.75, 15.80, 169.08
3450, 291.99, -28.38, 1135.99, -58853.15, 46112.06, 7919.31, -69.75, 15.80, 169.08
3480, 329.90, -23.19, 1128.85, -57907.11, 44181.82, 8567.81, -69.76, 15.80, 169.07
3510, 306.03, -44.86, 1138.73, -60043.34, 42831.42, 11459.35, 39.24, 57.92, -157.30
3540, 214.84, -80.99, 1081.54, -64079.29, 38208.01, 16609.19, 39.24, 57.92, -157.30
3570, 225.46, -109.99, 1176.27, -66833.50, 32096.86, 21209.72, 39.24, 57.92, -157.30
3600, 170.29, -69.03, 1263.85, -69854.73, 33905.03, 25474.55, 39.26, 57.94, -157.26
3630, 121.09, -89.48, 1359.86, -77217.10, 31974.79, 31440.73, -79.62, 3.22, 177.34
3660, 137.45, -139.89, 1338.93, -74165.34, 30097.96, 32752.99, -79.62, 3.22, 177.34
3690, -7.69, -138.85, 1266.91, -69267.27, 34652.71, 32073.97, -79.62, 3.22, 177.34
3720, -101.62, -131.53, 1220.52, -62202.45, 28266.91, 31013.49, -79.62, 3.22, 177.34
3750, -98.75, -120.42, 1191.77, -55603.03, 15762.33, 36933.90, 71.99, 9.65, -172.82
3780, 17.40, -101.81, 1135.31, -48309.33, 3967.29, 43418.88, 71.99, 9.65, -172.82
3810, 98.21, -57.68, 1122.62, -41908.27, 2647.40, 44837.95, 71.99, 9.65, -172.82
3840, 141.24, -2.38, 1168.40, -38162.23, 5966.19, 40809.63, 71.98, 9.65, -172.79
3870, 94.79, 47.49, 1103.21, -38009.64, 10566.71, 34240.72, 10.13, -20.26, 178.07
3900, 86.00, 77.51, 1142.64, -42747.50, 12222.29, 28495.79, 10.13, -20.26, 178.07
3930, 76.66, 83.92, 1186.65, -46447.75, 15846.25, 22499.08, 10.13, -20.26, 178.07
3960, 2.32, 95.95, 1176.57, -51116.95, 17425.54, 19676.21, 10.11, -20.26, 178.09
3990, -45.17, 60.55, 1140.99, -57579.04, 11573.79, 18867.49, -163.75, -40.52, -43.69
4020, 10.07, 8.97, 1179.69, -59021.00, 4859.92, 17387.39, -163.75, -40.52, -43.69
4050, -3.72, 7.87, 1163.57, -56083.68, 3143.31, 15945.43, -163.75, -40.52, -43.69
4080, -23.32, 5.86, 1100.59, -56884.77, -1121.52, 18882.75, -163.75, -40.52, -43.69
4110, -13.06, -35.89, 1091.31, -59623.72, -4676.82, 25001.53, -163.80, -40.50, -43.67
4140, 19.23, -1.95, 1136.29, -56327.82, -7362.37, 25413.51, -162.94, -7.90, -131.98
4170, -2.26, 76.35, 1159.00, -57098.39, -4142.76, 24757.38, -162.94, -7.90, -131.98
4200, -76.23, 134.46, 1126.16, -63819.89, -7583.62, 25833.13, -162.94, -7.90, -131.98
4230, -25.94, 148.68, 1136.05, -78384.40, -13847.35, 33691.41, -162.94, -7.92, -131.97
4260, 8.85, 81.12, 1098.57, -88127.13, -12237.55, 36651.61, 102.65, 30.45, -142.10
4290, 72.69, 8.18, 1151.31, -84899.91, -10597.23, 27603.15, 102.65, 30.45, -142.10
4320, 148.86, 17.46, 1222.53, -80772.40, -2357.48, 20462.04, 102.65, 30.45, -142.10
4350, 124.45, 22.64, 1267.27, -77941.89, 7041.93, 12527.47, 102.65, 30.44, -142.06
4380, 22.58, -17.52, 1207.64, -72532.66, -2059.94, -53.41, 8.19, 29.53, -177.69
4410, 87.40, -43.82, 1155.88, -70961.00, -12084.96, -6942.75, 8.19, 29.53, -177.69
4440, 144.65, -127.87, 1053.83, -68298.34, -14846.80, -10017.39, 8.19, 29.53, -177.69
4470, 117.68, -191.04, 927.92, -55320.74, -17585.75, -17204.29, 8.18, 29.55, -177.67
4500, 207.89, -125.67, 925.66, -40092.47, -21492.00, -25352.48, -68.57, -12.27, -171.71
4530, 242.98, -41.14, 950.32, -26229.86, -14755.25, -35285.95, -68.57, -12.27, -171.71
4560, 281.07, 72.08, 1027.71, -20553.59, -11749.27, -37925.72, -68.57, -12.27, -171.71
4590, 379.33, 163.21, 1162.78, -27107.24, -4905.70, -30952.45, -68.57, -12.28, -171.72
4620, 395.20, 165.95, 1310.97, -32279.97, 4241.94, -28549.20, -152.30, 17.37, 117.62
4650, 335.51, 183.96, 1261.35, -33226.01, 7392.88, -30860.90, -152.30, 17.37, 117.62
4680, 321.96, 187.19, 1237.85, -32829.29, 12695.31, -34233.09, -152.30, 17.37, 117.62
4710, 111.21, 231.38, 1104.06, -31967.16, 15563.96, -36781.31, -152.28, 17.38, 117.57
4740, -3.97, 202.64, 919.49, -37246.70, 6324.77, -30426.03, -21.87, -41.25, -171.90
4770, -3.23, 177.00, 812.56, -37345.89, -83.92, -22651.67, -21.87, -41.25, -171.90
4800, 48.22, 159.55, 850.83, -42213.44, -1785.28, -12802.12, -21.87, -41.25, -171.90
4830, 169.92, 186.77, 1068.24, -48446.66, 7537.84, -2189.64, -21.90, -41.25, -171.90
4860, 140.56, 244.38, 1306.21, -57136.54, 20141.60, 3135.68, -154.40, 58.70, 44.94
4890, -107.06, 91.06, 1005.19, -69656.38, 21362.30, 6843.57, -154.40, 58.70, 44.94
4920, -102.84, 85.63, 1259.22, -65711.98, 15129.09, 5867.00, -154.40, 58.70, 44.94
4950, -107.60, 122.86, 1263.55, -63201.91, 12977.60, 8049.01, -154.44, 58.68, 44.91
4980, -142.09, 73.00, 1180.18, -68450.93, 900.27, 12916.56, -178.70, -0.28, -163.69
5010, -16.48, -8.97, 1204.04, -64208.98, -8232.12, 9017.94, -178.70, -0.28, -163.69
5040, 64.21, 58.41, 1235.23, -56510.93, -633.24, 991.82, -178.70, -0.28, -163.69
5070, -65.55, 65.67, 1205.69, -58395.39, 1739.50, -1548.77, -178.70, -0.28, -163.69
5100, -102.54, 50.96, 1180.48, -54924.01, -6370.54, -4440.31, -178.69, -0.29, -163.66
5130, -50.35, 134.77, 1186.83, -51017.76, -17402.65, -7072.45, 100.49, 48.72, -122.39
5160, 41.38, 152.34, 1179.50, -55755.62, -22407.53, -9819.03, 100.49, 48.72, -122.39
5190, 56.46, 125.85, 1131.90, -56724.55, -19828.80, -13076.78, 100.49, 48.72, -122.39
5220, 10.80, 105.29, 1083.98, -58624.27, -19165.04, -11634.83, 100.52, 48.72, -122.32
5250, 14.16, 24.78, 1040.47, -61233.52, -25947.57, -5805.97, -35.66, 30.14, 170.27
5280, 58.72, -31.37, 980.53, -57273.86, -29838.56, -3028.87, -35.66, 30.14, 170.27
5310, 61.22, -28.75, 1048.65, -52207.95, -30334.47, -3044.13, -35.66, 30.14, 170.27
5340, 158.57, 16.60, 1165.04, -50186.16, -28472.90, -2372.74, -35.68, 30.16, 170.26
5370, 88.99, 68.30, 1177.55, -49331.66, -18554.69, -4730.22, -168.29, -6.68, -123.11
5400, 6.16, 120.36, 1213.01, -50796.51, -16464.23, -3158.57, -168.29, -6.68, -123.11
5430, 31.80, 163.15, 1268.13, -54039.00, -17745.97, 2204.90, -168.29, -6.68, -123.11
5460, -11.78, 144.23, 1218.93, -59532.16, -18058.78, 8720.40, -168.29, -6.69, -123.09
5490, 31.98, 132.45, 1246.83, -63598.63, -21545.41, 15144.35, 24.02, 7.52, -178.37
5520, -9.64, 120.48, 1211.06, -65101.63, -25245.67, 15830.99, 24.02, 7.52, -178.37
5550, -39.37, 113.16, 1129.39, -63980.10, -38208.01, 13130.19, 24.02, 7.52, -178.37
5580, -10.38, 128.66, 1038.94, -62599.18, -54931.64, 11573.79, 24.00, 7.54, -178.35
5610, 26.12, 132.20, 965.33, -64956.66, -69847.11, 14587.40, -119.10, -32.96, -127.11
5640, 156.92, 117.86, 953.80, -68328.86, -80856.32, 24002.07, -119.10, -32.96, -127.11
5670, 302.00, 124.39, 997.07, -68794.25, -83839.41, 30960.08, -119.10, -32.96, -127.11
5700, 443.36, 128.11, 1022.95, -69969.18, -75012.20, 33576.96, -119.10, -32.96, -127.11
5730, 492.74, 141.85, 1096.74, -69702.15, -58479.31, 33363.34, -119.12, -32.97, -127.11
5760, 502.26, 136.90, 1097.11, -66993.71, -39543.15, 28976.44, -131.13, 0.91, 178.04
5790, 412.11, 192.08, 1100.04, -63957.21, -26107.79, 21430.97, -131.13, 0.91, 178.04
5820, 248.90, 234.19, 1046.02, -69633.48, -29518.13, 18692.02, -131.12, 0.90, 178.03
5850, 239.62, 198.49, 987.98, -75561.52, -45425.41, 22071.84, -84.85, -21.45, -160.53
5880, 392.70, 156.98, 1012.70, -77644.35, -53794.86, 24795.53, -84.85, -21.45, -160.53
5910, 537.66, 141.85, 1049.80, -76637.27, -48194.89, 24406.43, -84.85, -21.45, -160.53
5940, 523.07, 182.31, 1025.70, -76026.91, -39535.52, 24375.92, -84.85, -21.45, -160.53
5970, 536.38, 188.90, 1057.50, -82015.99, -39497.38, 26481.63, -84.87, -21.46, -160.54
6000, 749.94, 161.68, 1214.48, -86372.38, -38497.93, 27084.35, -110.70, 44.74, 119.01
6030, 721.62, 135.86, 1156.98, -87303.16, -18081.66, 26374.82, -110.70, 44.74, 119.01
6060, 613.83, 71.41, 1024.35, -89614.87, -3883.36, 26382.45, -110.70, 44.74, 119.01
6090, 635.86, 59.20, 1140.01, -84327.70, -2090.45, 20957.95, -110.74, 44.74, 118.96
6120, 562.26, 125.61, 1056.46, -66253.66, -5516.05, -312.81, 91.16, 35.37, -143.60
6150, 517.76, 161.56, 943.91, -70251.47, -12092.59, -648.50, 91.16, 35.37, -143.60
6180, 774.84, 83.37, 1201.35, -82015.99, -11680.60, 4867.55, 91.17, 35.36, -143.58
6210, 931.95, -23.25, 1316.47, -86624.15, 7324.22, -8857.73, 177.38, 84.62, -2.26
6240, 749.02, -152.04, 1154.79, -94566.34, 34996.03, -26596.07, 177.38, 84.62, -2.26
6270, 639.34, -260.07, 1218.38, -103919.98, 53779.60, -41259.77, 177.38, 84.62, -2.26
6300, 432.56, -389.71, 1257.32, -110565.19, 58357.24, -52871.70, 177.38, 84.62, -2.26
6330, 339.17, -492.07, 1178.22, -110145.57, 54000.86, -56762.70, 177.10, 84.58, -2.52
6360, 384.46, -508.00, 1134.03, -108489.99, 51811.22, -50186.16, -155.81, 19.58, 103.65
6390, 394.23, -508.30, 1085.75, -108963.02, 60958.86, -40702.82, -155.81, 19.58, 103.65
6420, 263.06, -553.53, 1170.29, -103973.39, 64727.78, -33187.87, -155.81, 19.58, 103.65
6450, 245.79, -516.24, 1236.39, -87249.76, 61065.67, -23284.91, -155.80, 19.59, 103.61
6480, 103.09, -403.08, 1271.67, -77384.95, 54145.81, -14373.78, -17.98, -25.33, -176.06
6510, 20.20, -403.75, 1258.54, -73226.93, 35675.05, -4829.41, -17.98, -25.33, -176.06
6540, 122.68, -348.88, 1329.71, -63385.01, 19126.89, 3494.26, -17.98, -25.33, -176.06
6570, 311.83, -195.68, 1338.38, -54122.93, 11917.11, 6370.54, -18.02, -25.32, -176.04
6600, 216.49, -134.40, 1120.42, -65109.25, 20942.69, 12168.88, 179.18, 3.38, -7.75
6630, 109.80, -222.05, 1239.93, -81092.84, 25909.42, 20195.01, 179.18, 3.38, -7.75
6660, 57.31, -309.20, 1222.60, -81047.05, 23475.65, 19126.89, 179.18, 3.38, -7.75
6690, 37.72, -306.76, 1308.47, -73966.98, 17875.67, 13366.70, 179.16, 3.39, -7.74
6720, 33.02, -252.08, 1261.17, -68321.23, 10200.50, 10093.69, 151.26, 37.47, -72.98
6750, 73.43, -241.64, 1221.62, -67344.66, 7.63, 17158.51, 151.26, 37.47, -72.98
6780, 212.59, -256.53, 1199.46, -67756.66, -6103.52, 29319.76, 151.26, 37.47, -72.98
6810, 300.78, -287.96, 1214.54, -66368.10, -3570.56, 36140.44, 151.25, 37.43, -72.96
6840, 333.19, -288.33, 1286.93, -63682.55, -1495.36, 34500.12, -139.00, 80.15, 48.57
6870, 212.40, -293.40, 1224.98, -64216.61, 3852.84, 25100.71, -139.00, 80.15, 48.57
6900, 39.06, -325.07, 1168.82, -66314.70, -4562.38, 20523.07, -139.00, 80.15, 48.57
6930, 121.83, -368.23, 1283.81, -69244.38, -26611.33, 29006.96, -139.00, 80.15, 48.57
6960, 317.99, -413.33, 1356.63, -68840.02, -33271.79, 40252.69, -139.22, 80.13, 48.37
6990, 288.09, -476.87, 1276.79, -64109.80, -29830.93, 44006.35, -146.21, 9.87, 148.78
7020, 303.22, -493.65, 1350.83, -47447.20, -38414.00, 39810.18, -146.21, 9.87, 148.78
7050, 380.07, -399.41, 1288.39, -35430.91, -41030.88, 36033.63, -146.21, 9.87, 148.78
7080, 335.02, -315.06, 1196.29, -34065.25, -40184.02, 36216.73, -146.19, 9.86, 148.77
7110, 435.97, -246.64, 1215.39, -38238.52, -37025.45, 37727.36, -118.09, -20.50, -146.79
7140, 508.24, -245.42, 1210.57, -46501.16, -22209.17, 35346.98, -118.09, -20.50, -146.79
7170, 419.74, -272.28, 1269.23, -48309.33, -8583.07, 26451.11, -118.09, -20.50, -146.79
7200, 336.00, -219.36, 1278.99, -48767.09, -2319.34, 18280.03, -118.10, -20.51, -146.78
7230, 168.40, -219.18, 1213.87, -56976.32, -10948.18, 17387.39, 161.67, -17.33, 91.34
7260, 190.61, -295.96, 1166.44, -62438.96, -35125.73, 22735.60, 161.67, -17.33, 91.34
7290, 398.38, -354.86, 1194.82, -57960.51, -47134.40, 24116.52, 161.67, -17.33, 91.34
7320, 552.25, -280.94, 1244.81, -52818.30, -42610.17, 19653.32, 161.70, -17.34, 91.28
7350, 515.38, -247.38, 1240.84, -54817.20, -36163.33, 16426.09, -64.68, 5.15, 176.78
7380, 491.21, -234.01, 1241.27, -53382.88, -39230.35, 17784.12, -64.68, 5.15, 176.78
7410, 546.81, -167.30, 1274.05, -48957.82, -40153.50, 24421.69, -64.68, 5.15, 176.78
7440, 458.50, -108.40, 1156.98, -39749.14, -38124.09, 27389.53, -64.70, 5.16, 176.78
7470, 446.96, -28.63, 1007.20, -35209.66, -39413.45, 36384.58, 174.70, 10.54, -48.08
7500, 530.88, 22.71, 979.98, -39436.34, -35064.70, 48484.80, 174.70, 10.54, -48.08
7530, 599.43, 47.55, 1057.07, -42320.25, -29708.86, 49568.18, 174.70, 10.54, -48.08
7560, 655.27, 69.03, 1094.12, -43594.36, -27122.50, 44670.11, 174.70, 10.54, -48.08
7590, 682.37, 88.81, 1066.41, -43609.62, -20690.92, 43800.36, 174.67, 10.52, -48.06
7620, 739.87, 156.92, 1112.37, -45257.57, -15922.55, 48324.59, 151.17, 78.62, -34.18
7650, 748.84, 124.76, 1063.66, -54985.05, -10269.17, 58296.20, 151.17, 78.62, -34.18
7680, 819.46, 41.08, 1162.11, -59402.46, -8132.93, 62240.60, 151.17, 78.62, -34.18
7710, 767.76, -10.74, 1093.14, -53985.59, -7629.39, 56571.96, 151.22, 78.58, -34.11
7740, 805.36, -16.36, 1069.70, -52246.09, -11375.43, 47317.50, -133.43, 14.28, 147.95
7770, 798.16, -41.87, 1049.32, -54054.26, -8697.51, 40306.09, -133.43, 14.28, 147.95
7800, 747.07, -62.87, 1026.25, -55793.76, -6561.28, 35842.89, -133.43, 14.28, 147.95
7830, 753.91, -51.51, 1073.79, -57029.72, -6973.27, 35003.66, -133.43, 14.26, 147.93
7860, 752.20, -43.52, 1102.54, -58662.41, -6233.22, 32150.27, -92.99, 19.92, 159.26
7890, 711.30, 15.50, 1125.79, -59631.35, -2189.64, 26710.51, -92.99, 19.92, 159.26
7920, 679.69, 23.07, 1112.24, -64453.13, -3974.91, 28228.76, -92.99, 19.92, 159.26
7950, 691.10, -10.62, 1066.28, -68489.08, -4974.37, 32203.67, -93.01, 19.91, 159.24
7980, 700.99, -73.79, 1099.91, -72341.92, -4142.76, 36643.98, 126.22, 75.78, -65.50
8010, 727.11, -100.22, 1108.70, -70137.02, -6278.99, 35385.13, 126.22, 75.78, -65.50
8040, 778.81, -124.33, 1182.37, -68603.52, -7362.37, 32379.15, 126.22, 75.78, -65.50
8070, 748.41, -120.67, 1170.59, -62164.30, -1480.10, 21583.56, 126.30, 75.75, -65.41
8100, 696.90, -67.14, 1177.43, -61119.08, 1602.17, 15884.40, -130.17, 22.54, 134.09
8130, 674.99, -66.10, 1164.67, -66741.95, 3791.81, 16975.40, -130.17, 22.54, 134.09
8160, 663.39, -94.60, 1221.37, -72441.10, 6889.34, 22430.42, -130.17, 22.54, 134.09
8190, 584.23, -149.78, 1170.78, -73303.22, 6614.69, 25985.72, -130.17, 22.53, 134.07
8220, 619.75, -180.05, 1175.54, -71548.46, -381.47, 25039.67, -29.58, 32.01, 171.52
8250, 630.07, -147.64, 1154.11, -67504.88, -5897.52, 21614.07, -29.58, 32.01, 171.52
8280, 587.83, -152.53, 1004.70, -73585.51, -9567.26, 23567.20, -29.58, 32.01, 171.52
8310, 542.48, -251.40, 921.39, -80535.89, -9735.11, 23689.27, -29.59, 32.03, 171.53
8340, 566.04, -293.76, 1013.43, -71838.38, -15068.05, 20133.97, -121.12, -2.42, -175.77
8370, 731.32, -176.51, 1099.00, -63171.39, -13610.84, 22407.53, -121.12, -2.42, -175.77
8400, 717.96, -136.72, 1072.08, -65895.08, 2769.47, 23857.12, -121.12, -2.42, -175.77
8430, 612.00, -170.72, 1058.72, -63858.03, 11062.62, 21514.89, -121.13, -2.44, -175.77
8460, 633.00, -173.89, 1119.51, -53306.58, 5706.79, 15472.41, -168.50, 5.83, 128.73
8490, 709.17, -94.12, 1143.37, -43899.54, 4669.19, 13984.68, -168.50, 5.83, 128.73
8520, 783.63, -50.17, 1193.24, -43624.88, 2891.54, 20202.64, -168.50, 5.83, 128.73
8550, 790.53, -65.12, 1160.46, -45608.52, 2410.89, 27420.04, -168.50, 5.83, 128.73
8580, 766.85, -100.65, 1110.41, -44517.52, -4379.27, 27229.31, -168.48, 5.80, 128.71
8610, 756.10, -86.43, 958.19, -46806.34, -6591.80, 23544.31, -112.61, 6.80, 169.93
8640, 828.13, -36.74, 974.91, -62820.43, 3852.84, 26489.26, -112.61, 6.80, 169.93
8670, 849.98, -171.33, 1193.79, -78834.53, 3097.53, 34217.84, -112.62, 6.79, 169.92
8700, 783.33, -255.13, 1027.59, -73684.70, 13175.96, 32989.50, -153.98, 16.77, 116.14
8730, 734.13, -288.21, 1120.79, -60913.09, 15914.92, 23315.43, -153.98, 16.77, 116.14
8760, 668.15, -187.62, 1133.24, -49400.33, 15426.64, 13771.06, -153.98, 16.77, 116.14
8790, 642.82, -91.49, 1166.87, -47683.71, 6484.99, 10856.63, -153.98, 16.77, 116.14
8820, 688.78, -49.80, 1164.25, -52680.97, -1838.68, 12565.61, -153.97, 16.76, 116.11
8850, 735.35, -56.82, 1201.05, -57907.11, -7133.48, 16250.61, -53.13, 22.76, 168.66
8880, 803.77, -58.59, 1220.70, -61424.25, -10437.01, 20637.51, -53.13, 22.76, 168.66
8910, 811.22, -85.45, 1182.74, -67070.01, -5218.51, 24269.10, -53.13, 22.76, 168.66
8940, 726.26, -152.22, 1121.95, -69747.92, 2029.42, 23666.38, -53.14, 22.77, 168.65
8970, 608.58, -193.73, 1040.22, -68367.01, 2883.91, 17875.67, -166.32, -9.20, -114.59
9000, 604.61, -206.36, 1049.80, -64109.80, -5805.97, 11611.94, -166.32, -9.20, -114.59
9030, 670.96, -187.13, 1062.56, -58723.45, -9742.74, 8560.18, -166.32, -9.20, -114.59
9060, 713.32, -156.62, 1117.98, -54893.49, -8605.96, 9269.71, -166.33, -9.22, -114.58
9090, 761.41, -91.61, 1141.30, -50491.33, -2037.05, 8010.86, 155.70, 12.63, -124.44
9120, 696.66, -36.62, 1155.21, -51414.49, 7606.51, 6729.13, 155.70, 12.63, -124.44
9150, 617.31, -34.36, 1143.74, -56274.41, 5599.98, 9025.57, 155.70, 12.63, -124.44
9180, 606.14, -59.51, 1116.15, -58799.74, -1091.00, 12405.40, 155.70, 12.62, -124.42
9210, 656.31, -53.77, 1096.25, -56594.85, -7453.92, 13633.73, 71.73, 63.69, -131.19
9240, 762.08, -16.66, 1149.84, -55534.36, -9193.42, 18905.64, 71.73, 63.69, -131.19
9270, 801.39, -27.16, 1131.23, -57579.04, -389.10, 27114.87, 71.73, 63.69, -131.19
9300, 752.62, -14.83, 1083.50, -57441.71, 10643.01, 27854.92, 71.78, 63.69, -131.12
9330, 649.41, 10.07, 1019.41, -60432.43, 17921.45, 25634.77, -105.96, 41.52, 127.10
9360, 612.30, 15.38, 1026.49, -68260.20, 19088.75, 24559.02, -105.96, 41.52, 127.10
9390, 583.68, -16.48, 1019.65, -72647.09, 16937.26, 20515.44, -105.96, 41.52, 127.10
9420, 589.23, -14.04, 1047.12, -70419.31, 14144.90, 16532.90, -105.96, 41.52, 127.10
9450, 613.46, 11.29, 1028.38, -71807.86, 8354.19, 19577.03, -105.99, 41.52, 127.06
9480, 655.15, -26.92, 1051.82, -74432.38, 1930.24, 28221.13, 87.30, 42.49, -138.92
9510, 736.63, -70.56, 1056.46, -69976.80, -2494.81, 33187.87, 87.30, 42.49, -138.92
9540, 833.92, -33.45, 1156.92, -62988.28, -7850.65, 36872.86, 87.30, 42.49, -138.92
9570, 925.66, -27.40, 1166.38, -64231.87, -7736.21, 40603.64, 87.32, 42.48, -138.89
9600, 862.92, -73.00, 1158.81, -63224.79, -2548.22, 35324.10, -90.69, 78.47, 101.41
9630, 862.30, -43.52, 1172.55, -60279.85, -3303.53, 30845.64, -90.69, 78.47, 101.41
9660, 771.24, -58.29, 1130.19, -61805.73, 5996.70, 31455.99, -90.69, 78.47, 101.41
9690, 640.32, -96.80, 1113.22, -61813.36, 10658.26, 33058.17, -90.86, 78.48, 101.25
9720, 575.32, -114.99, 1064.33, -62744.14, 9170.53, 38383.48, -170.69, 0.87, 169.92
9750, 563.48, -120.24, 1143.49, -61874.39, 9048.46, 38002.02, -170.69, 0.87, 169.92
9780, 495.42, -99.00, 1163.15, -59036.25, 12016.30, 33081.05, -170.69, 0.87, 169.92
9810, 395.32, -65.43, 1127.44, -63194.27, 9819.03, 33508.30, -170.67, 0.85, 169.93
9840, 462.10, -93.57, 1188.96, -73654.17, -2868.65, 35644.53, 167.47, 4.70, -137.28
9870, 523.07, -149.72, 1207.09, -71632.38, -5050.66, 29678.34, 167.47, 4.70, -137.28
9900, 599.37, -96.98, 1244.02, -64331.05, -10086.06, 20904.54, 167.47, 4.70, -137.28
9930, 684.20, -32.23, 1220.40, -65368.65, -5783.08, 18829.35, 167.47, 4.68, -137.27
9960, 674.07, -47.36, 1158.39, -69946.29, 968.93, 19775.39, 90.86, 41.35, -137.71
9990, 658.94, -90.82, 1132.45, -70800.78, 511.17, 20599.37, 90.86, 41.35, -137.71
10020, 711.67, -153.75, 1113.04, -69908.14, 2296.45, 22636.41, 90.86, 41.35, -137.71
10050, 670.72, -211.43, 1057.86, -64895.63, 5325.32, 24002.07, 90.88, 41.34, -137.68
10080, 605.41, -196.53, 994.69, -59837.34, -1297.00, 27809.14, -86.74, 67.57, 115.92
10110, 687.38, -178.47, 1040.89, -61965.94, -14991.76, 37368.77, -86.74, 67.57, 115.92
10140, 888.12, -215.45, 1173.34, -61355.59, -25413.51, 45120.24, -86.74, 67.57, 115.92
10170, 982.36, -225.59, 1258.97, -56068.42, -30838.01, 46516.42, -86.82, 67.58, 115.84
10200, 1059.39, -249.08, 1206.18, -50170.90, -29472.35, 43670.66, 166.78, 1.30, -168.29
10230, 1023.13, -256.53, 1144.90, -47088.63, -14007.57, 36605.84, 166.78, 1.30, -168.29
10260, 922.49, -264.34, 1078.86, -41648.86, 1571.66, 25321.96, 166.78, 1.30, -168.29
10290, 779.54, -204.77, 1002.62, -37849.43, 14297.49, 18333.44, 166.78, 1.30, -168.29
10320, 655.03, -149.23, 969.79, -40824.89, 19966.13, 17646.79, 166.79, 1.27, -168.27
10350, 593.51, -130.07, 991.88, -48942.57, 17692.57, 19653.32, 99.62, 27.08, -147.88
10380, 591.31, -139.47, 1057.01, -55030.82, 11062.62, 19676.21, 99.62, 27.08, -147.88
10410, 613.89, -140.44, 1086.61, -58998.11, 2441.41, 16197.21, 99.62, 27.08, -147.88
10440, 682.25, -136.47, 1144.59, -61981.20, -4714.97, 10887.15, 99.63, 27.08, -147.86
10470, 745.97, -119.45, 1183.90, -63484.19, -5966.19, 4257.20, -25.90, 69.96, 162.13
10500, 744.81, -108.40, 1223.51, -63117.98, -1808.17, -3181.46, -25.90, 69.96, 162.13
10530, 731.38, -71.66, 1247.74, -60203.55, 518.80, -10246.28, -25.90, 69.96, 162.13
10560, 686.46, -36.99, 1185.49, -61012.27, 5729.68, -12428.28, -25.91, 69.99, 162.12
10590, 584.23, -47.97, 1126.46, -62484.74, 9300.23, -11375.43, -153.35, 5.33, 158.20
10620, 524.05, -48.95, 1117.13, -64613.34, 5622.86, -3547.67, -153.35, 5.33, 158.20
10650, 563.60, -52.43, 1112.73, -67909.24, 579.83, 5737.30, -153.35, 5.33, 158.20
10680, 586.30, -47.24, 1118.04, -70579.53, 1777.65, 7919.31, -153.34, 5.31, 158.20
10710, 595.95, -42.79, 1146.79, -71632.38, 411.99, 5027.77, -133.80, -8.08, -161.44
10740, 568.12, -46.02, 1083.92, -72799.68, 30.52, 2647.40, -133.80, -8.08, -161.44
10770, 571.17, -63.05, 1066.59, -73379.52, -2555.85, 2494.81, -133.80, -8.08, -161.44
10800, 660.64, -38.70, 1160.10, -73539.73, -3211.98, 6362.92, -133.81, -8.10, -161.43
10830, 626.95, -60.73, 1125.31, -73577.88, 1411.44, 11360.17, 179.41, 0.01, 167.35
10860, 553.04, -77.15, 1079.04, -70655.82, -4707.34, 15838.62, 179.41, 0.01, 167.35
10890, 627.38, -82.58, 1049.99, -66253.66, -19783.02, 20019.53, 179.41, 0.01, 167.35
10920, 804.69, -56.88, 1109.13, -60134.89, -27679.44, 22872.93, 179.41, 0.01, 167.35
10950, 883.73, -32.90, 1084.90, -55610.66, -20072.94, 23384.09, -180.57, -0.02, 167.35
10980, 774.72, -20.63, 1008.54, -54534.91, -9872.44, 22766.11, 164.01, 4.86, -145.21
11010, 708.98, -29.11, 963.20, -57479.86, -9864.81, 24955.75, 164.01, 4.86, -145.21
11040, 745.48, -41.26, 1012.15, -55900.57, -12672.42, 25474.55, 164.01, 4.86, -145.21
11070, 785.40, 20.26, 1040.34, -53398.13, -10688.78, 24459.84, 164.02, 4.84, -145.19
11100, 772.28, 39.12, 1029.54, -60134.89, -1930.24, 27481.08, 101.53, 40.85, -130.53
11130, 687.56, -1.16, 1015.38, -67451.48, 3097.53, 28244.02, 101.53, 40.85, -130.53
11160, 655.15, -37.72, 1036.38, -71189.88, 1625.06, 26802.06, 101.53, 40.85, -130.53
11190, 631.77, -65.43, 1024.35, -72616.58, -335.69, 27183.53, 101.55, 40.84, -130.50
11220, 624.33, -82.64, 1037.29, -73112.48, -3845.21, 26428.22, -92.05, 72.35, 106.24
11250, 716.98, -75.81, 1123.72, -70236.20, -8201.60, 22842.41, -92.05, 72.35, 106.24
11280, 795.59, -34.61, 1182.80, -65368.65, -5142.21, 19325.26, -92.05, 72.35, 106.24
11310, 800.35, -7.39, 1206.48, -65940.86, -495.91, 23010.25, -92.16, 72.35, 106.13
11340, 727.97, -41.56, 1126.10, -66856.38, 6782.53, 27008.06, 175.58, 0.22, -173.28
11370, 596.01, -107.12, 1026.86, -65917.97, 541.69, 29220.58, 175.58, 0.22, -173.28
11400, 631.71, -91.25, 984.38, -63636.78, -3761.29, 27206.42, 175.58, 0.22, -173.28
11430, 682.37, -76.72, 1002.87, -68405.15, -2937.32, 30502.32, 175.59, 0.20, -173.26
11460, 703.31, -159.12, 1015.50, -72868.34, -6324.77, 40061.95, 118.38, 21.32, -144.60
11490, 851.75, -200.20, 1118.77, -74020.38, -11199.95, 50041.20, 118.38, 21.32, -144.60
11520, 974.91, -235.66, 1159.42, -73516.84, -2708.44, 50956.73, 118.38, 21.32, -144.60
11550, 893.13, -274.78, 1117.13, -63583.38, 5950.93, 35484.31, 118.39, 21.31, -144.58
11580, 827.45, -252.01, 1025.76, -57655.34, 7499.69, 28518.68, 33.26, 63.03, -158.88
11610, 806.27, -250.31, 1038.45, -55076.60, 5683.90, 26649.47, 33.26, 63.03, -158.88
11640, 793.46, -225.83, 986.51, -50453.19, 4043.58, 26580.81, 33.26, 63.03, -158.88
11670, 807.86, -191.35, 986.27, -51513.67, -488.28, 29045.11, 33.30, 63.04, -158.83
11700, 887.15, -179.81, 1062.99, -51933.29, -2769.47, 25688.17, -113.54, 40.59, 121.64
11730, 925.90, -153.44, 1070.43, -51696.78, 91.55, 19401.55, -113.54, 40.59, 121.64
11760, 872.86, -143.37, 1068.54, -51834.11, 6912.23, 15045.17, -113.54, 40.59, 121.64
11790, 815.92, -128.42, 1043.64, -52444.46, 8209.23, 12840.27, -113.56, 40.59, 121.60
11820, 791.56, -109.62, 1096.44, -55801.39, 3540.04, 13290.41, 76.39, 46.60, -142.19
11850, 826.17, -87.40, 1075.74, -58876.04, 3776.55, 11917.11, 76.39, 46.60, -142.19
11880, 771.00, -113.04, 1040.77, -62866.21, 9712.22, 8522.03, 76.39, 46.60, -142.19
11910, 681.03, -159.06, 1047.85, -65536.50, 10559.08, 8041.38, 76.42, 46.60, -142.15
11940, 676.51, -170.59, 1053.22, -63522.34, 6050.11, 8346.56, -105.99, 66.39, 98.66
11970, 669.98, -159.36, 1063.11, -62034.61, 6767.27, 7896.42, -105.99, 66.39, 98.66
12000, 647.22, -170.10, 1054.75, -59371.95, 7911.68, 7789.61, -105.99, 66.39, 98.66
12030, 632.81, -134.70, 1095.21, -54840.09, 4806.52, 9216.31, -106.08, 66.39, 98.57
12060, 678.59, -94.85, 1142.58, -53634.64, -1998.90, 12390.14, 159.82, 1.88, -169.11
12090, 839.05, -88.99, 1213.44, -52192.69, -14808.65, 16113.28, 159.82, 1.88, -169.11
12120, 926.45, -60.00, 1229.06, -48934.94, -7331.85, 15884.40, 159.82, 1.88, -169.11
12150, 917.60, -2.56, 1154.48, -47012.33, 4821.78, 10276.79, 159.82, 1.88, -169.11
12180, 707.46, 35.64, 1025.82, -51422.12, 19676.21, 4539.49, 159.83, 1.86, -169.09
12210, 533.51, 33.87, 950.07, -61630.25, 18127.44, 5470.28, 111.50, 36.31, -128.09
12240, 544.31, -1.53, 968.57, -69274.91, 2929.69, 9735.11, 111.50, 36.31, -128.09
12270, 689.27, -31.31, 1042.79, -69351.20, -6713.87, 11413.57, 111.50, 36.31, -128.09
12300, 805.36, -9.70, 1123.23, -64949.04, -3845.21, 13465.88, 111.52, 36.30, -128.07
12330, 721.25, 2.87, 1092.35, -61805.73, 221.25, 13153.08, -100.90, 81.39, 88.25
12360, 701.84, -21.00, 1046.94, -58616.64, -5889.89, 13015.75, -100.90, 81.39, 88.25
12390, 769.53, -13.85, 1066.22, -54382.32, -14038.09, 19577.03, -100.90, 81.39, 88.25
12420, 827.76, 34.30, 1026.43, -51544.19, -9819.03, 26092.53, -101.13, 81.39, 88.03
12450, 787.66, 72.69, 984.92, -58181.76, -633.24, 30494.69, -155.68, -0.33, -178.51
12480, 754.27, 33.87, 1032.04, -66619.88, 1510.62, 29418.95, -155.68, -0.33, -178.51
12510, 752.56, 1.34, 1013.24, -67634.59, 244.14, 22811.89, -155.68, -0.33, -178.51
12540, 741.03, -11.54, 1049.38, -67893.98, -671.39, 18714.90, -155.67, -0.36, -178.51
12570, 744.57, -20.75, 1092.29, -66734.31, -1327.51, 19912.72, 169.38, 2.21, -155.37
12600, 814.88, 21.85, 1134.09, -64834.59, -3685.00, 21354.68, 169.38, 2.21, -155.37
12630, 834.23, 28.08, 1101.99, -67123.41, 4920.96, 20309.45, 169.38, 2.21, -155.37
12660, 738.65, -0.85, 1072.69, -71083.07, 16326.90, 19187.93, 169.38, 2.18, -155.36
12690, 613.46, -28.93, 1029.72, -72647.09, 14228.82, 17990.11, 95.43, 37.67, -138.51
12720, 566.22, -36.87, 989.56, -77743.53, 3906.25, 21102.91, 95.43, 37.67, -138.51
12750, 617.19, -69.52, 1001.28, -85403.45, -3387.45, 24200.44, 95.43, 37.67, -138.51
12780, 673.83, -127.08, 1063.72, -85945.13, -9696.96, 22430.42, 95.43, 37.67, -138.51
12810, 795.90, -137.02, 1145.32, -81657.41, -15258.79, 21049.50, 95.44, 37.66, -138.49
12840, 884.70, -119.08, 1189.51, -77140.80, -7743.84, 21293.64, -129.80, 81.99, 57.27
12870, 809.02, -123.66, 1117.68, -75920.10, 4661.56, 24726.87, -129.80, 81.99, 57.27
12900, 691.04, -174.74, 1068.30, -75363.16, 6027.22, 30433.65, -129.80, 81.99, 57.27
12930, 706.12, -220.70, 1106.57, -71327.21, -4837.04, 35232.54, -130.05, 81.98, 57.02
12960, 809.51, -205.75, 1143.68, -65299.99, -12985.23, 36064.15, -162.65, 3.90, 155.61
12990, 876.04, -191.10, 1126.28, -63194.27, -13504.03, 34111.02, -162.65, 3.90, 155.61
13020, 865.66, -205.63, 1117.86, -62370.30, -11749.27, 30647.28, -162.65, 3.90, 155.61
13050, 836.67, -208.80, 1055.18, -59402.46, -13031.01, 26000.98, -162.63, 3.87, 155.61
13080, 829.41, -201.72, 1025.09, -56495.67, -16006.47, 20927.43, -170.35, -1.12, -167.51
13110, 869.81, -182.74, 994.57, -55633.55, -18028.26, 18501.28, -170.35, -1.12, -167.51
13140, 893.19, -204.71, 993.16, -53916.93, -14076.23, 17097.47, -170.35, -1.12, -167.51
13170, 818.42, -187.44, 961.49, -49789.43, -6729.13, 12901.31, -170.34, -1.14, -167.49
13200, 762.45, -141.72, 962.89, -47248.84, -7324.22, 9162.90, 126.58, 16.97, -146.58
13230, 817.99, -92.35, 1028.99, -46707.15, -14785.77, 7110.60, 126.58, 16.97, -146.58
13260, 949.71, -28.20, 1097.05, -46440.13, -14244.08, 7751.46, 126.58, 16.97, -146.58
13290, 949.65, 21.36, 1075.50, -47599.79, -68.66, 8735.66, 126.59, 16.96, -146.56
13320, 868.29, 48.16, 1073.30, -50765.99, 9902.95, 10841.37, 65.08, 60.70, -138.62
13350, 766.30, 31.25, 986.15, -56419.37, 17845.15, 15411.38, 65.08, 60.70, -138.62
13380, 656.62, 13.61, 926.51, -62271.12, 20133.97, 20629.88, 65.08, 60.70, -138.62
13410, 648.80, -17.76, 926.76, -68481.45, 13793.95, 25611.88, 65.12, 60.70, -138.56
13440, 780.64, -43.21, 1039.98, -70663.45, 5821.23, 26100.16, -107.79, 49.35, 116.13
13470, 883.30, -31.07, 1127.69, -67581.18, 9414.67, 19973.75, -107.79, 49.35, 116.13
13500, 775.02, 9.16, 1063.54, -64888.00, 15159.61, 13710.02, -107.79, 49.35, 116.13
13530, 691.89, 32.96, 1036.38, -67985.53, 9941.10, 12077.33, -107.83, 49.34, 116.08
13560, 752.32, 27.83, 1079.35, -68695.07, -572.20, 13061.52, 111.58, 31.72, -134.18
13590, 823.30, 35.22, 1072.81, -68748.48, -205.99, 18371.58, 111.58, 31.72, -134.18
13620, 773.13, -6.35, 1039.00, -70999.15, 4753.11, 22682.19, 111.58, 31.72, -134.18
13650, 701.78, -55.85, 991.15, -70495.61, 3448.49, 22987.37, 111.59, 31.71, -134.16
13680, 717.90, -65.49, 977.60, -68183.90, -5050.66, 23193.36, 95.16, 89.60, -84.67
13710, 784.61, -56.76, 988.95, -66406.25, -10353.09, 24185.18, 95.16, 89.60, -84.67
13740, 875.98, -33.02, 1045.29, -65040.59, -7095.34, 24826.05, 95.16, 89.60, -84.67
13770, 873.17, -15.26, 1044.07, -64971.92, 2395.63, 23788.45, 95.16, 89.60, -84.67
13800, 803.65, -12.39, 1052.61, -67695.62, 8636.47, 23490.91, 99.42, 89.59, -80.40
13830, 729.86, -47.91, 1039.86, -69839.48, 4539.49, 23231.51, -143.32, 10.03, 150.82
13860, 823.06, -71.29, 1102.42, -67932.13, -5531.31, 23262.02, -143.32, 10.03, 150.82
13890, 876.77, -53.89, 1100.71, -66040.04, -732.42, 26039.12, -143.32, 10.03, 150.82
13920, 814.51, -37.72, 1063.05, -67291.26, 6172.18, 24742.13, -143.31, 10.00, 150.81
13950, 807.07, -50.05, 1090.82, -70152.28, 3601.07, 22819.52, -117.46, 6.83, 168.92
13980, 812.87, -68.85, 1074.16, -71456.91, 4264.83, 20286.56, -117.46, 6.83, 168.92
14010, 762.15, -104.37, 1028.50, -72692.88, 12969.97, 18730.16, -117.46, 6.83, 168.92
14040, 638.61, -154.24, 956.42, -73478.70, 20347.60, 19821.17, -117.46, 6.81, 168.91
14070, 570.86, -181.58, 938.05, -72853.09, 19897.46, 23612.98, -143.36, 15.98, 134.79
14100, 541.02, -196.41, 909.30, -72792.05, 16510.01, 27359.01, -143.36, 15.98, 134.79
14130, 620.30, -193.54, 1056.52, -72074.89, -1396.18, 30998.23, -143.36, 15.98, 134.79
14160, 863.28, -165.22, 1256.96, -67504.88, -21400.45, 30525.21, -143.35, 15.96, 134.77
14190, 1085.82, -127.93, 1299.19, -65612.80, -18112.18, 28038.03, -88.94, 24.90, 155.79
14220, 1052.49, -129.58, 1224.61, -66452.02, 4867.55, 26229.86, -88.94, 24.90, 155.79
14250, 857.79, -176.39, 1070.62, -67993.16, 25627.14, 23475.65, -88.94, 24.90, 155.79
14280, 654.17, -203.61, 1020.14, -69320.68, 26184.08, 20439.15, -88.95, 24.90, 155.77
14310, 607.24, -220.52, 1000.37, -67077.64, 15274.05, 16372.68, 119.01, 57.45, -93.43
14340, 602.29, -196.72, 1001.83, -66413.88, 3150.94, 14289.86, 119.01, 57.45, -93.43
14370, 628.23, -186.34, 978.03, -67237.85, -9635.93, 14602.66, 119.01, 57.45, -93.43
14400, 819.76, -181.82, 1057.98, -67230.23, -22506.71, 17433.17, 119.04, 57.42, -93.38
14430, 934.27, -152.83, 1125.43, -64888.00, -17280.58, 16082.76, -131.65, 55.38, 81.84
14460, 974.85, -144.90, 1181.34, -63980.10, -2609.25, 16105.65, -131.65, 55.38, 81.84
14490, 882.81, -183.29, 1149.29, -62599.18, 13267.52, 15869.14, -131.65, 55.38, 81.84
14520, 762.45, -188.05, 1130.74, -56838.99, 16899.11, 12611.39, -131.70, 55.37, 81.78
14550, 739.87, -127.62, 1110.53, -51612.86, 12290.96, 8712.77, 123.03, 13.34, -155.37
14580, 732.48, -71.29, 1110.84, -53123.47, 9307.86, 8911.13, 123.03, 13.34, -155.37
14610, 723.08, -53.83, 1121.64, -57914.73, 8537.29, 11749.27, 123.03, 13.34, -155.37
14640, 697.75, -57.50, 1079.53, -62622.07, 7316.59, 13824.46, 123.03, 13.34, -155.37
14670, 665.04, -63.60, 1067.32, -65399.17, 2906.80, 14526.37, 123.04, 13.34, -155.34
14700, 730.59, -75.50, 1100.10, -64819.34, 1251.22, 12718.20, 30.77, 54.57, -163.54
14730, 661.50, -88.44, 987.61, -63972.47, 12870.79, 12763.98, 30.77, 54.57, -163.54
14760, 553.96, -65.19, 955.75, -66398.62, 15899.66, 15975.95, 30.77, 54.57, -163.54
14790, 596.86, -58.11, 1051.21, -69763.19, 5065.92, 19737.24, 30.80, 54.59, -163.50
14820, 774.96, -63.66, 1166.38, -67077.64, -15296.94, 22827.15, -101.66, 33.62, 139.68
14850, 926.51, -22.77, 1138.73, -61485.29, -14213.56, 27954.10, -101.66, 33.62, 139.68
14880, 878.05, -40.65, 1072.94, -61203.00, -1678.47, 26863.10, -101.68, 33.61, 139.66
14910, 778.99, -47.18, 1017.94, -60920.71, 11070.25, 24284.36, 65.43, 70.00, -131.07
14940, 676.51, -44.37, 978.09, -63591.00, 16189.58, 24116.52, 65.43, 70.00, -131.07
14970, 578.98, -66.53, 942.63, -65513.61, 8300.78, 24627.69, 65.43, 70.00, -131.07
15000, 642.94, -102.84, 972.29, -63850.40, -2716.06, 25123.60, 65.52, 70.00, -130.97
