30, 707.03, -332.46, 984.01, 30723.57, 27183.53, -4386.90, -61.21, -31.06, -161.59
60, 279.79, -520.32, 1070.74, 40687.56, -3402.71, -13031.01, 137.90, -24.18, 121.06
90, 548.83, -283.08, 1000.00, 44593.81, -7820.13, -22232.05, 137.90, -24.18, 121.06
120, 622.92, -197.20, 967.53, 41351.32, -4898.07, -25253.30, 137.91, -24.18, 121.01
150, 611.21, -266.91, 950.74, 46768.19, 2021.79, -22018.43, -47.01, -18.48, -172.01
180, 594.18, -151.55, 919.37, 48301.70, 9048.46, -17097.47, -47.01, -18.48, -172.01
210, 649.05, -44.74, 913.09, 39901.73, 15495.30, -15815.73, -47.01, -18.48, -172.01
240, 626.10, -89.97, 902.59, 27694.70, 22361.76, -19859.31, -47.01, -18.48, -172.01
270, 557.74, -111.08, 897.09, 27252.20, 22048.95, -23384.09, -47.01, -18.48, -172.01
300, 527.53, -119.02, 910.46, 31860.35, 20675.66, -23574.83, -47.04, -18.52, -172.00
330, 470.58, -143.19, 874.76, 43266.30, 16815.19, -27351.38, 172.53, -3.83, 121.84
360, 423.40, -70.74, 857.73, 45974.73, 14457.70, -30357.36, 172.53, -3.83, 121.84
390, 405.82, -101.75, 849.85, 46615.60, 9963.99, -29167.18, 172.53, -3.83, 121.84
420, 463.32, -210.33, 876.10, 57403.56, 4219.06, -31478.88, 172.53, -3.84, 121.81
450, 489.56, -298.34, 905.94, 67718.51, -2899.17, -41358.95, -32.69, 7.49, 177.85
480, 462.40, -281.25, 884.89, 74295.05, -13252.26, -48080.45, -32.69, 7.49, 177.85
510, 493.23, -256.29, 896.91, 77514.65, -25764.46, -50750.73, -32.69, 7.49, 177.85
540, 544.80, -216.25, 911.74, 77667.23, -36918.64, -48042.30, -32.69, 7.49, 177.85
570, 616.46, -178.89, 922.00, 74661.26, -45005.80, -41503.91, -32.72, 7.46, 177.85
600, 737.43, -114.01, 954.41, 65391.54, -47309.88, -36964.42, 169.16, -11.20, 84.94
630, 807.62, 2.69, 965.33, 53558.35, -42007.45, -40840.15, 169.16, -11.20, 84.94
660, 839.23, 17.82, 914.18, 35537.72, -33821.11, -46257.02, 169.16, -11.20, 84.94
690, 891.05, -4.52, 886.41, 21118.16, -23330.69, -48461.91, 169.16, -11.20, 84.94
720, 882.81, 1.77, 828.37, 11482.24, -13130.19, -46722.41, 169.16, -11.20, 84.94
750, 857.97, -4.70, 786.38, 2777.10, -3097.53, -38558.96, 169.15, -11.21, 84.92
780, 868.84, -30.76, 745.61, -8277.89, 10002.14, -27595.52, 66.11, 78.15, -123.76
810, 924.87, -115.54, 756.53, -17570.50, 18142.70, -25848.39, 66.11, 78.15, -123.76
840, 908.94, -205.63, 764.16, -20507.81, 28396.61, -29380.80, 66.11, 78.15, -123.76
870, 871.77, -253.85, 809.27, -24780.27, 32897.95, -32997.13, 66.11, 78.15, -123.76
900, 880.74, -340.64, 825.81, -27282.71, 33493.04, -40733.34, 66.11, 78.15, -123.76
930, 870.79, -359.56, 844.79, -25794.98, 33691.41, -55137.63, 66.30, 78.14, -123.54
960, 776.67, -317.14, 908.94, -33996.58, 18234.25, -68405.15, -103.91, 38.53, 132.31
990, 827.27, -472.66, 951.66, -34194.95, 2815.25, -66535.95, -103.91, 38.53, 132.31
1020, 970.09, -563.66, 1067.87, -23757.93, -4463.20, -68550.11, -103.91, 38.53, 132.31
1050, 1016.91, -496.40, 1181.21, -21598.82, -14091.49, -74821.47, -103.91, 38.53, 132.31
1080, 1029.42, -477.97, 1276.00, -24749.76, -38925.17, -74897.77, -103.93, 38.52, 132.30
1110, 1142.76, -517.15, 1349.30, -24024.96, -78338.63, -53840.64, -156.78, -36.03, -65.90
1140, 1536.07, -708.56, 1385.99, -23002.63, -77613.83, -48278.81, -156.78, -36.03, -65.90
1170, 1635.50, -834.72, 1194.95, -12969.97, -63163.76, -83290.10, -156.78, -36.03, -65.90
1200, 1689.51, -971.68, 951.42, 8338.93, -63865.66, -127525.33, -156.78, -36.03, -65.90
1230, 1730.04, -1065.25, 854.98, 41641.23, -63667.30, -148330.69, -156.78, -36.03, -65.90
1260, 1540.10, -983.09, 744.87, 70587.16, -42907.71, -133888.25, -156.80, -36.05, -65.90
1290, 1299.99, -697.88, 592.41, 101333.62, 6965.64, -104621.89, -172.76, -22.25, -38.31
1320, 1097.05, -587.16, 425.78, 102745.05, 49636.84, -85678.10, -172.76, -22.25, -38.31
1350, 480.29, -216.13, 230.16, 83358.77, 86051.94, -59295.66, -172.76, -22.25, -38.31
1380, 78.80, -162.41, -49.26, 72242.73, 114501.95, -80947.88, -172.76, -22.25, -38.31
1410, 176.88, -141.66, -74.77, 79956.05, 119163.52, -98564.15, -172.77, -22.27, -38.34
1440, 167.48, -246.58, -79.35, 83732.60, 126297.00, -106216.43, 16.91, -51.33, 171.55
1470, 59.45, -378.85, -148.32, 92239.38, 127494.81, -93238.83, 16.91, -51.33, 171.55
1500, 329.22, -90.27, 59.81, 97892.76, 122688.30, -77964.78, 16.91, -51.33, 171.55
1530, 132.08, -355.96, -157.53, 95764.16, 131614.69, -75508.12, 16.91, -51.33, 171.55
1560, 175.48, -216.43, -117.61, 102470.40, 131141.66, -70640.56, 16.87, -51.35, 171.57
1590, 215.27, -238.22, -63.66, 101470.95, 137557.98, -66551.21, -157.42, 23.55, 89.04
1620, 203.80, -240.30, -97.96, 102752.69, 142440.80, -61897.28, -157.42, 23.55, 89.04
1650, 210.63, -228.27, -95.58, 103271.48, 148735.05, -55679.32, -157.42, 23.55, 89.04
1680, 216.06, -228.33, -93.81, 103675.84, 153381.34, -51414.49, -157.42, 23.55, 89.04
1710, 216.80, -218.87, -96.25, 103965.76, 158287.05, -47225.95, -157.42, 23.55, 89.04
1740, 213.38, -218.75, -107.06, 104476.93, 162864.69, -43457.03, -157.40, 23.54, 89.07
1770, 214.60, -209.59, -123.54, 105728.15, 169448.86, -37658.69, 61.61, -24.61, 165.00
1800, 209.11, -208.44, -140.26, 106864.93, 173873.91, -34057.62, 61.61, -24.61, 165.00
1830, 210.82, -203.25, -155.40, 109352.11, 180519.11, -28930.66, 61.61, -24.61, 165.00
1860, 210.88, -199.71, -169.25, 111968.99, 184997.56, -25955.20, 61.61, -24.61, 165.00
1890, 214.05, -195.01, -175.11, 115005.49, 189514.16, -22979.74, 61.58, -24.64, 165.03
1920, 212.46, -187.44, -197.63, 119552.61, 196205.14, -18608.09, 164.17, -27.09, 58.09
1950, 215.76, -179.50, -214.05, 122413.63, 200180.05, -16021.73, 164.17, -27.09, 58.09
1980, 212.71, -170.35, -227.42, 125267.03, 203903.20, -13847.35, 164.17, -27.09, 58.09
2010, 212.95, -160.52, -246.22, 129135.13, 209060.67, -11573.79, 164.17, -27.09, 58.09
2040, 211.85, -153.56, -267.21, 131439.20, 212287.91, -10871.89, 164.16, -27.08, 58.12
2070, 209.72, -147.09, -291.14, 133338.92, 216598.52, -10559.08, -67.03, 68.89, 131.60
2100, 210.33, -140.69, -300.54, 133613.59, 218605.05, -11337.28, -67.03, 68.89, 131.60
2130, 213.32, -134.28, -308.29, 134223.94, 220153.81, -12504.58, -67.03, 68.89, 131.60
2160, 210.75, -120.73, -323.36, 132743.83, 221595.77, -16693.12, -66.94, 68.86, 131.72
2190, 193.42, -78.31, -357.67, 129371.64, 222030.64, -19668.58, 112.99, -9.19, 166.00
2220, -1099.43, 1999.94, -2000.00, 249992.38, 249992.38, 191360.47, 112.99, -9.19, 166.00
2250, 1267.21, 1999.94, -2000.00, 249992.38, 249992.38, 249992.38, 112.99, -9.19, 166.00
2280, 731.26, 585.27, -2000.00, 249992.38, 249992.38, 249992.38, 112.99, -9.19, 166.00
2310, 820.62, 357.85, -1850.16, 249992.38, 249992.38, 207740.78, 112.99, -9.19, 166.00
2340, 402.83, -11.17, -1606.75, 249992.38, 249992.38, 132019.05, 112.98, -9.22, 166.06
2370, -19.59, -290.10, -1031.25, 249992.38, 249992.38, 63026.43, 24.58, -6.96, 178.44
2400, 317.75, 144.35, -783.08, 249992.38, 249992.38, 29678.34, 24.58, -6.96, 178.44
2430, 272.64, 143.19, -526.92, 249992.38, 249992.38, -13473.51, 24.58, -6.96, 178.44
2460, 329.65, 226.56, -429.81, 249992.38, 249992.38, -66307.07, 24.58, -6.96, 178.44
2490, 328.13, 46.63, -276.73, 249992.38, 249992.38, -121582.03, 24.59, -6.97, 178.46
2520, 296.45, -176.03, -334.90, 249992.38, 249992.38, -184677.13, 14.03, 32.69, -175.70
2550, 356.75, -319.89, -283.87, 249992.38, 249992.38, -217025.75, 14.03, 32.69, -175.70
2580, 1999.94, -1743.10, 1999.94, -83709.72, 224906.92, -79498.29, 14.03, 32.69, -175.70
2610, 663.76, -643.13, -113.89, 22789.00, 249992.38, -90950.02, 14.03, 32.69, -175.70
2640, -140.01, -401.25, -571.11, 42266.84, 249992.38, -98289.49, 14.03, 32.69, -175.70
2670, 408.94, -330.99, -398.74, 32226.56, 249992.38, -105216.98, 14.05, 32.67, -175.66
2700, 741.09, -1669.07, 1150.39, -694.27, 249992.38, -63499.45, -55.48, 54.39, 150.11
2730, -111.15, -654.48, 1793.70, -381.47, 241760.25, -26199.34, -55.48, 54.39, 150.11
2760, -342.29, -623.29, 391.66, 3189.09, 249992.38, -27702.33, -55.48, 54.39, 150.11
2790, 55.66, -336.55, -138.31, -9826.66, 228050.23, -28129.58, -55.48, 54.39, 150.11
2820, 25.88, -344.73, 351.01, -18173.22, 200943.00, -33164.98, -55.48, 54.43, 150.13
2850, -114.14, -480.10, 757.32, -32409.67, 179847.72, -27343.75, -133.31, 14.59, 147.37
2880, -65.98, -330.57, 594.60, -56999.21, 155403.14, -40046.69, -133.31, 14.59, 147.37
2910, -106.63, -386.78, 661.56, -77735.90, 145156.86, -53009.03, -133.31, 14.59, 147.37
2940, -20.45, -400.02, 489.50, -105033.88, 136985.78, -59944.15, -133.29, 14.59, 147.37
2970, 64.76, -484.25, 444.34, -139472.97, 135551.45, -46752.93, -179.99, -0.54, -94.20
3000, 99.30, -502.20, 293.21, -175849.92, 140892.03, -1274.11, -179.99, -0.54, -94.20
3030, 0.12, -471.80, 351.38, -203506.47, 151268.00, 11573.79, -179.99, -0.54, -94.20
3060, -29.97, -485.78, 307.86, -240081.78, 154624.94, 10955.81, -180.04, -0.53, -94.19
3090, -1043.03, -1714.23, -427.06, -245803.83, 149581.91, -58586.12, -138.64, 16.60, 138.32
3120, 140.08, -441.96, -445.19, -250000.00, 149093.63, -44837.95, -138.64, 16.60, 138.32
3150, -625.61, -1685.61, -613.04, -250000.00, 151496.89, -74737.55, -138.64, 16.60, 138.32
3180, -364.26, -1233.76, -578.55, -236259.45, 156715.39, -103790.28, -138.60, 16.59, 138.35
3210, -158.02, -996.34, -1192.26, -221344.00, 133865.36, -124137.88, 131.68, 18.36, -139.89
3240, 42.05, -1081.79, -785.89, -234420.78, 140663.14, -138145.45, 131.68, 18.36, -139.89
3270, 201.84, -747.74, -751.83, -216644.28, 141586.30, -135643.00, 131.68, 18.36, -139.89
3300, 257.75, -812.44, -798.77, -209884.64, 151832.58, -132575.98, 131.68, 18.36, -139.89
3330, 365.97, -1483.58, -1817.50, -185943.61, 161590.58, -118629.45, 131.67, 18.31, -139.91
3360, 198.06, -744.32, -1516.91, -57388.30, 110778.81, -60356.14, -142.42, -15.08, -138.10
3390, 514.28, -274.90, -706.30, -79490.66, 84129.34, -56037.90, -142.42, -15.08, -138.10
3420, 503.66, -639.04, -928.53, -74493.41, 117958.07, -57434.08, -142.42, -15.08, -138.10
3450, 948.36, -7.75, -547.73, -59562.68, 106208.80, -41809.08, -142.42, -15.12, -138.13
3480, 991.39, -163.45, -1144.04, -50621.03, 77674.87, -42572.02, -52.67, -24.15, -168.06
3510, 546.26, -492.43, -905.82, -27420.04, 75485.23, -46539.30, -52.67, -24.15, -168.06
3540, 509.52, -632.75, -934.45, -10963.44, 65338.13, -51673.89, -52.67, -24.15, -168.06
3570, 587.65, -500.31, -994.51, 12733.46, 51612.86, -45379.64, -52.69, -24.13, -168.06
3600, 721.19, -375.12, -951.42, 22315.98, 43601.99, -45082.09, 150.58, 34.54, -79.17
3630, 645.63, -586.49, -940.55, 37071.23, 23086.55, -33348.08, 150.58, 34.54, -79.17
3660, 515.38, -504.52, -976.56, 48477.17, 16067.50, -22537.23, 150.58, 34.54, -79.17
3690, 635.74, -549.93, -934.20, 61218.26, 4295.35, -10269.17, 150.53, 34.50, -79.22
3720, 594.67, -544.19, -972.78, 69786.07, -4226.68, -1075.74, -157.45, -24.32, -87.02
3750, 590.03, -568.91, -968.32, 83282.47, -11756.90, 7537.84, -157.45, -24.32, -87.02
3780, 565.06, -609.56, -957.34, 97572.33, -19554.14, 13198.85, -157.45, -24.32, -87.02
3810, 501.46, -666.93, -963.07, 114273.07, -25726.32, 18974.30, -157.47, -24.33, -87.05
3840, 508.18, -681.88, -947.14, 133422.84, -31242.37, 23559.57, -45.66, -19.11, -172.00
3870, 452.76, -756.35, -943.85, 155540.47, -35713.20, 28518.68, -45.66, -19.11, -172.00
3900, 354.37, -1101.44, -1145.69, 184257.50, -35919.19, 24902.34, -45.66, -19.11, -172.00
3930, 121.46, -1029.30, -917.60, 194320.67, -19134.52, -8956.91, -45.67, -19.07, -171.98
3960, 134.95, -885.31, -540.65, 172538.75, 12901.31, -46539.30, -116.75, -31.96, -130.62
3990, 128.72, -947.69, -535.83, 163383.48, 43930.05, -85433.96, -116.75, -31.96, -130.62
4020, 220.46, -1015.87, -537.05, 161842.34, 70289.61, -124961.85, -116.75, -31.96, -130.62
4050, 352.72, -1083.01, -495.54, 174713.14, 97343.45, -154289.25, -116.78, -31.96, -130.62
4080, 871.83, -1989.26, -943.54, 172126.77, 121009.83, -161834.72, -129.03, 28.84, 123.95
4110, 342.83, -605.77, -25.15, 121696.47, 104270.94, -168167.11, -129.03, 28.84, 123.95
4140, 589.23, -984.62, 43.15, 63514.71, 91094.97, -177642.83, -129.03, 28.84, 123.95
4170, 998.72, -1059.69, 37.35, 11802.67, 71731.57, -195152.28, -129.01, 28.83, 123.97
4200, 772.83, -1420.59, -278.50, -10330.20, 62049.87, -169639.59, 96.57, 40.48, -134.66
4230, 1162.72, -884.70, -282.04, 21965.03, 31089.78, -131744.39, 96.57, 40.48, -134.66
4260, 1077.64, -765.63, -258.42, 23658.75, 34980.77, -96130.38, 96.57, 40.48, -134.66
4290, 1068.73, -791.20, -256.59, 17440.80, 37391.66, -60440.06, 96.58, 40.44, -134.64
4320, 944.34, -845.76, -190.61, 25238.04, 27969.36, -25215.15, 158.93, 30.51, -67.10
4350, 933.04, -849.73, -126.53, 30479.43, 8644.10, -3768.92, 158.93, 30.51, -67.10
4380, 880.92, -852.54, -125.67, 23048.40, -10131.84, 10940.55, 158.93, 30.51, -67.10
4410, 891.30, -951.17, -210.33, 15426.64, -23902.89, 20065.31, 158.90, 30.47, -67.12
4440, 903.99, -963.99, -252.93, 13290.41, -31539.92, 26321.41, -175.47, -31.64, -17.87
4470, 928.59, -1009.70, -294.92, 8476.26, -28686.52, 30395.51, -175.47, -31.64, -17.87
4500, 900.82, -1062.74, -327.76, 7064.82, -20179.75, 30509.95, -175.47, -31.64, -17.87
